0.265811 -0.143767
0.343725 -0.138782
0.436407 -0.106817
0.546291 -0.086332
0.650710 -0.055481
0.756026 -0.028783
0.865843 -0.009914
0.969576 0.019646
1.077661 0.033231
1.181857 0.055994
1.282948 0.071771
1.392294 0.071113
1.500375 0.095497
1.608861 0.107414
1.723763 0.119400
1.830023 0.132444
1.937586 0.130698
2.043128 0.153768
2.149623 0.166182
2.266068 0.180642
2.373739 0.202977
2.489336 0.215493
2.594129 0.235919
2.701952 0.241605
2.811491 0.230666
2.920053 0.234271
3.031315 0.218462
3.145055 0.206522
3.253840 0.199414
3.368819 0.187753
3.475649 0.188528
3.577000 0.172847
3.689388 0.167804
3.801961 0.165084
3.920666 0.156697
4.030575 0.158360
4.136372 0.147476
4.241300 0.148094
4.342657 0.148653
4.448152 0.136238
4.555929 0.153182
4.660732 0.162067
4.775084 0.176029
4.883988 0.199349
4.999538 0.217251
5.102325 0.246083
5.205611 0.261542
5.312816 0.271037
5.416032 0.288713
5.525922 0.273791
5.637808 0.261155
5.745596 0.255891
5.860205 0.250200
5.970173 0.253823
6.086339 0.256728
6.196980 0.266924
6.303692 0.267164
6.409352 0.277930
6.513726 0.297003
6.628197 0.292716
6.734256 0.301178
6.840198 0.299728
6.954338 0.284434
7.065935 0.282237
7.178088 0.274904
7.292914 0.277230
7.398382 0.286296
7.512858 0.284439
7.616547 0.300406
7.720649 0.300493
7.826864 0.300075
7.931951 0.313213
