0.400000 0.366107
0.400000 0.202610
0.400000 0.250766
0.400000 0.223394
0.400000 -0.102573
0.400000 -0.201734
0.400000 -0.035768
0.400000 -0.059653
0.400000 -0.115764
0.400000 -0.297439
0.400000 -0.067419
0.400000 -0.048802
0.400000 0.021362
0.400000 -0.060238
0.400000 0.028602
0.400000 -0.021462
0.400000 -0.047923
0.400000 0.068690
0.400000 0.025704
0.400000 0.129764
0.400000 0.056922
0.400000 -0.097816
0.400000 -0.251622
0.400000 -0.366062
0.400000 -0.345684
0.400000 -0.172658
0.400000 -0.214223
0.400000 0.164849
0.400000 0.087966
0.400000 -0.038852
0.400000 0.030194
0.400000 -0.005542
0.400000 0.059775
0.400000 -0.042545
0.400000 0.074349
0.400000 0.047219
0.400000 -0.057151
0.400000 -0.206165
0.400000 0.195783
0.400000 0.281340
0.400000 0.171142
0.400000 0.326599
0.400000 0.065817
0.400000 0.077028
0.400000 0.024606
0.400000 -0.018800
0.400000 -0.143803
0.400000 -0.288926
0.400000 -0.545444
0.400000 -0.316125
0.400000 0.164897
0.400000 0.200132
0.400000 0.030755
0.400000 0.196228
0.400000 0.056947
0.400000 0.021111
0.400000 -0.073612
0.400000 0.065816
0.400000 -0.051422
0.400000 -0.240286
0.400000 -0.390880
0.400000 -0.092596
0.400000 -0.091326
0.400000 0.101632
0.400000 0.033645
0.400000 0.297032
0.400000 0.041859
0.400000 0.045343
0.400000 -0.033466
0.400000 -0.073382
0.400000 -0.052609
0.400000 0.167074
