0.250502 -0.133017
0.251425 -0.141254
0.321323 -0.150110
0.419491 -0.120715
0.531818 -0.102028
0.642186 -0.078874
0.749338 -0.063985
0.857970 -0.054718
0.964272 -0.030847
1.076404 -0.025009
1.185531 -0.012788
1.291256 -0.007654
1.400333 -0.014600
1.511027 -0.001876
1.617276 -0.003824
1.726944 0.005379
1.828517 0.019503
1.935116 0.016945
2.045213 0.040551
2.154675 0.059294
2.274345 0.075733
2.386607 0.092579
2.501460 0.096442
2.608708 0.109772
2.714281 0.106878
2.821696 0.106986
2.926509 0.116334
3.033600 0.108745
3.137594 0.128189
3.240683 0.135540
3.350901 0.131241
3.461365 0.148306
3.569890 0.151752
3.680224 0.155067
3.788209 0.161790
3.900252 0.149005
4.002708 0.149901
4.104012 0.132726
4.207379 0.120984
4.311621 0.124997
4.424001 0.125283
4.537517 0.156343
4.643666 0.179080
4.751638 0.204374
4.857847 0.233006
4.972504 0.253515
5.076143 0.283015
5.181898 0.307815
5.295582 0.316680
5.404666 0.333424
5.514709 0.326289
5.622227 0.325559
5.729289 0.313058
5.836371 0.278838
5.943441 0.265507
6.040989 0.248621
6.145548 0.241191
6.252955 0.245790
6.368260 0.247836
6.475911 0.259095
6.579505 0.254850
