0.400000 0.250913
0.400000 0.290824
0.400000 0.182063
0.400000 0.045307
0.400000 -0.264450
0.400000 -0.195032
0.400000 -0.037943
0.400000 -0.069433
0.400000 -0.144739
0.400000 -0.180280
0.400000 -0.105761
0.400000 -0.015656
0.400000 0.057377
0.400000 0.016956
0.400000 0.050406
0.400000 0.158636
0.400000 0.068634
0.400000 0.091212
0.400000 0.080124
0.400000 0.068787
0.400000 -0.143358
0.400000 -0.260326
0.400000 -0.274777
0.400000 -0.112758
0.400000 -0.088935
0.400000 0.124450
0.400000 0.137308
0.400000 -0.070589
0.400000 -0.028082
0.400000 -0.002027
0.400000 0.110017
0.400000 -0.059522
0.400000 -0.138729
0.400000 -0.270602
0.400000 -0.096385
0.400000 -0.179585
0.400000 -0.143369
0.400000 0.018712
0.400000 0.457785
0.400000 0.800000
0.400000 0.183729
0.400000 -0.079971
0.400000 -0.191555
0.400000 -0.100985
0.400000 0.150385
0.400000 0.007803
0.400000 -0.126981
0.400000 -0.480985
0.400000 -0.318974
0.400000 -0.248408
0.400000 -0.190927
0.400000 -0.685897
0.400000 -0.001657
0.400000 0.204428
0.400000 0.657044
0.400000 0.060379
0.400000 0.327930
0.400000 -0.028487
0.400000 -0.029418
0.400000 -0.023539
