4.442174 0.277973
4.532411 0.247345
4.648243 0.247722
4.767122 0.246842
4.880853 0.247736
4.989540 0.254416
5.105497 0.271075
5.210541 0.307018
5.317069 0.352033
5.420438 0.410711
5.521492 0.459553
5.621371 0.504656
5.717773 0.549075
5.827759 0.577568
5.924326 0.617994
6.024147 0.639454
6.126869 0.673378
6.222778 0.736357
6.322189 0.813699
6.399097 0.858570
6.438421 0.855618
6.468084 0.862607
6.495152 0.875548
6.493729 0.873330
6.494871 0.872937
6.496245 0.856229
6.498233 0.870627
6.503720 0.872352
6.509655 0.871933
