0.400000 -0.168258
0.400000 0.022379
0.400000 0.312085
0.400000 0.216466
0.400000 0.051129
0.400000 0.293554
0.400000 0.429707
0.400000 0.800000
0.400000 0.570638
0.400000 -0.118864
0.400000 -0.306364
0.400000 -0.530516
0.400000 -0.134056
0.400000 -0.060397
0.400000 -0.234191
0.400000 0.005034
0.400000 0.562173
0.400000 0.800000
0.400000 0.800000
0.400000 0.800000
0.400000 0.440601
0.400000 0.267676
0.400000 0.025414
0.400000 0.174312
0.400000 -0.018292
0.400000 -0.043165
0.400000 -0.055588
0.400000 -0.069404
0.400000 -0.036162
