0.250502 -0.133017
0.235153 -0.138109
0.287482 -0.151649
0.381709 -0.130014
0.481897 -0.127387
0.589514 -0.105997
0.695802 -0.088879
0.810478 -0.085856
0.917007 -0.069430
1.020083 -0.067675
1.129278 -0.056028
1.239435 -0.035280
1.358963 -0.026011
1.471831 -0.012549
1.579784 -0.004453
1.690605 0.011363
1.795560 0.033627
1.907253 0.037131
2.015036 0.052502
2.122119 0.067717
2.239339 0.075704
2.348098 0.090548
2.453504 0.089290
2.561849 0.099783
2.669911 0.110546
2.786537 0.107683
2.894320 0.117927
3.002830 0.120606
3.117463 0.129151
3.220003 0.148320
3.327991 0.147430
3.433136 0.167792
3.536580 0.179547
3.645248 0.180128
3.750536 0.200103
3.842628 0.190328
3.952436 0.200258
4.063840 0.199994
4.181687 0.194542
4.290919 0.197393
4.402482 0.188598
4.513024 0.193880
4.622815 0.198386
4.736967 0.198707
4.845340 0.201910
4.954449 0.188414
5.063636 0.188158
5.174269 0.189079
5.291578 0.177780
5.398526 0.175379
5.501580 0.152398
5.611537 0.140319
5.723246 0.137057
5.844126 0.123527
5.960286 0.121562
6.064511 0.117706
6.169214 0.129269
6.271371 0.134427
6.377892 0.118906
6.487979 0.125568
6.594437 0.114791
6.706257 0.109417
6.814756 0.111543
6.932471 0.106111
7.040430 0.109974
7.146924 0.107236
7.256979 0.103251
7.363911 0.109581
7.474192 0.103850
7.583374 0.110893
