0.400000 0.168245
0.400000 0.193586
0.400000 -0.112867
0.400000 0.206716
0.400000 -0.161133
0.400000 -0.055227
0.400000 -0.049500
0.400000 -0.102835
0.400000 0.122760
0.400000 0.011813
0.400000 -0.016592
0.400000 -0.011853
0.400000 -0.022424
0.400000 0.166206
0.400000 0.031138
0.400000 -0.085391
0.400000 -0.149300
0.400000 0.016026
0.400000 0.066701
0.400000 -0.055576
0.400000 -0.084744
0.400000 -0.066719
0.400000 -0.105485
0.400000 -0.099969
0.400000 -0.057163
0.400000 0.041589
0.400000 0.034925
0.400000 0.276971
0.400000 -0.041788
0.400000 -0.050691
0.400000 -0.002663
0.400000 -0.055620
0.400000 -0.038763
0.400000 -0.049352
0.400000 0.057787
0.400000 -0.300453
0.400000 -0.226423
0.400000 0.046230
0.400000 0.001002
0.400000 0.032050
0.400000 0.113864
0.400000 0.048342
0.400000 -0.096643
0.400000 -0.187653
0.400000 -0.123776
0.400000 0.127628
0.400000 -0.140745
0.400000 -0.006928
0.400000 -0.205822
0.400000 -0.102094
0.400000 -0.010834
0.400000 0.233763
0.400000 0.341229
0.400000 0.047706
0.400000 0.201349
0.400000 -0.124761
0.400000 -0.223537
0.400000 -0.140988
0.400000 -0.027099
0.400000 -0.029422
0.400000 0.006891
0.400000 0.177170
0.400000 -0.082245
0.400000 0.068807
0.400000 -0.049221
0.400000 -0.053989
0.400000 0.045625
0.400000 0.130615
0.400000 -0.121805
