0.250502 -0.133017
0.266809 -0.143419
0.341002 -0.143924
0.435725 -0.111772
0.550991 -0.091725
0.663348 -0.072333
0.774273 -0.055386
0.885706 -0.040608
0.993874 -0.022408
1.111177 -0.016412
1.219580 -0.004358
1.325404 -0.006997
1.432011 -0.012937
1.539785 0.001924
1.654945 0.007225
1.767880 0.018763
1.875840 0.028742
1.988421 0.033545
2.095371 0.047952
2.200365 0.049411
2.305884 0.067624
2.409189 0.088906
2.523202 0.094604
2.627381 0.112880
2.734677 0.113157
2.844095 0.104786
2.952029 0.112893
3.062938 0.108543
3.173874 0.116559
3.278617 0.123054
3.386525 0.118696
3.496240 0.133932
3.604081 0.133754
3.715145 0.138116
3.818921 0.141993
3.925640 0.128573
4.032501 0.138083
4.137673 0.133052
4.250028 0.133183
4.355547 0.143720
4.464155 0.147521
4.565031 0.177330
4.661752 0.198700
4.769581 0.207126
4.882232 0.238065
5.000230 0.260588
5.118136 0.279370
5.230948 0.298754
5.346932 0.314662
5.458123 0.327622
5.575061 0.319431
5.680985 0.325179
5.790375 0.324730
5.906231 0.315340
6.018648 0.314947
6.133040 0.308449
6.244586 0.312015
6.346962 0.309891
6.455575 0.296022
6.571119 0.298838
6.685188 0.288758
6.793818 0.292970
6.901236 0.291546
7.014643 0.280471
7.120690 0.277100
7.225495 0.260488
7.339362 0.258827
7.442617 0.277818
7.548936 0.286293
7.650940 0.331477
