0.400000 0.292618
0.400000 0.157926
0.400000 0.329327
0.400000 -0.034847
0.400000 -0.042364
0.400000 -0.161861
0.400000 -0.159117
0.400000 -0.118243
0.400000 -0.131711
0.400000 -0.222131
0.400000 -0.196132
0.400000 0.064657
0.400000 0.185311
0.400000 0.090638
0.400000 0.085360
0.400000 -0.021115
0.400000 -0.085272
0.400000 -0.023943
0.400000 0.060419
0.400000 0.124102
0.400000 0.038971
0.400000 -0.030658
0.400000 -0.301291
0.400000 -0.360852
0.400000 0.045948
0.400000 0.038283
0.400000 0.016168
0.400000 0.172077
0.400000 -0.000097
0.400000 -0.063953
0.400000 -0.016596
0.400000 -0.056384
0.400000 -0.113919
0.400000 -0.042372
0.400000 -0.015054
0.400000 -0.042231
0.400000 -0.004186
0.400000 0.098105
0.400000 0.314787
0.400000 0.291961
0.400000 0.081793
0.400000 -0.023195
0.400000 -0.039804
0.400000 -0.015182
0.400000 -0.038139
0.400000 0.035763
0.400000 -0.056088
0.400000 -0.307355
0.400000 -0.515858
0.400000 -0.130948
0.400000 0.042017
0.400000 -0.110098
0.400000 -0.000114
0.400000 0.069574
0.400000 -0.030786
0.400000 0.025880
0.400000 0.001212
0.400000 -0.037376
0.400000 -0.078268
0.400000 0.023541
0.400000 -0.009106
0.400000 -0.056588
0.400000 -0.139096
0.400000 -0.251984
0.400000 0.090552
0.400000 0.543923
0.400000 0.581220
0.400000 0.657752
0.400000 0.529522
