0.250502 -0.133017
0.247311 -0.139717
0.315704 -0.154198
0.415682 -0.130616
0.528023 -0.118052
0.636226 -0.101863
0.742306 -0.092697
0.850975 -0.087740
0.956462 -0.069344
1.065676 -0.069827
1.175391 -0.060624
1.280397 -0.052902
1.388448 -0.060823
1.494390 -0.045981
1.601236 -0.037949
1.714944 -0.027915
1.822138 -0.016743
1.937179 -0.020695
2.043958 -0.011317
2.151467 -0.005782
2.267266 -0.000645
2.376502 0.007344
2.482987 0.000636
2.585971 0.011105
2.689135 0.014279
2.798567 0.002101
2.903026 0.014274
3.004666 0.009352
3.111281 0.008342
3.218603 0.023199
3.338332 0.025206
3.455308 0.026429
3.567861 0.026309
3.685210 0.026333
3.792610 0.033493
3.907984 0.031309
4.020344 0.033932
4.132094 0.032404
4.245460 0.031324
4.352526 0.035767
4.463402 0.030290
4.566665 0.044576
