0.400000 0.230794
0.400000 0.097667
0.400000 0.119927
0.400000 -0.004640
0.400000 -0.198158
0.400000 -0.070345
0.400000 -0.094565
0.400000 -0.066741
0.400000 -0.076194
0.400000 -0.048292
0.400000 -0.030269
0.400000 -0.013993
0.400000 0.129998
0.400000 0.098975
0.400000 -0.090506
0.400000 -0.097697
0.400000 -0.124117
0.400000 -0.046617
0.400000 0.239620
0.400000 -0.071978
0.400000 -0.054879
0.400000 -0.022429
0.400000 -0.160219
0.400000 -0.139226
0.400000 0.110831
0.400000 0.084857
0.400000 -0.096273
0.400000 -0.049637
0.400000 0.468579
0.400000 -0.253002
0.400000 -0.292924
0.400000 -0.035412
0.400000 0.139633
0.400000 0.205184
0.400000 -0.173019
0.400000 -0.032539
0.400000 -0.055692
0.400000 -0.098882
0.400000 0.075050
0.400000 0.206577
0.400000 -0.084386
