0.264326 -0.145675
0.349135 -0.128120
0.450004 -0.085411
0.564942 -0.048441
0.674010 -0.002834
0.784608 0.039659
0.887251 0.081416
0.992144 0.111530
1.089818 0.153911
1.187591 0.190072
1.294359 0.212280
1.390342 0.248977
1.494780 0.256669
1.608684 0.249835
1.719574 0.254460
1.830796 0.250014
1.932090 0.271857
2.032676 0.282543
2.140559 0.290865
2.247169 0.313535
2.359565 0.314185
2.472943 0.311345
2.585607 0.315549
2.706031 0.313254
2.815991 0.316027
2.922888 0.304771
3.026934 0.308797
3.131407 0.306448
3.241430 0.287006
3.350737 0.286690
3.457877 0.283304
3.574550 0.280498
3.686848 0.280199
3.803811 0.271047
3.910255 0.277775
4.014478 0.274785
4.121038 0.267443
4.226356 0.268225
4.332966 0.247571
4.428602 0.245854
4.526333 0.221961
4.639241 0.203140
4.751134 0.208300
4.860296 0.203094
4.962882 0.217764
5.063285 0.220724
5.170765 0.217045
5.283064 0.258449
5.395616 0.313555
5.504688 0.380923
5.594474 0.459842
5.676910 0.535693
5.762817 0.604452
5.851792 0.669174
5.940069 0.728963
6.049220 0.768058
6.145668 0.814980
6.233383 0.851489
6.290800 0.830664
6.357617 0.845320
6.409303 0.845724
6.439072 0.865693
6.474971 0.863247
6.481764 0.875232
6.481568 0.866737
6.508543 0.871222
6.493295 0.831251
6.494817 0.776500
6.485300 0.714982
6.457642 0.648751
6.464835 0.587378
6.447998 0.531596
6.429006 0.470997
6.438030 0.413718
6.416994 0.390322
6.429667 0.410027
6.443323 0.433451
6.431890 0.450342
6.426312 0.464056
6.438550 0.501219
6.400331 0.525937
6.347870 0.585593
6.304919 0.696335
6.263813 0.808478
6.244543 0.865985
6.222451 0.873098
6.223161 0.868085
6.208281 0.870604
6.202633 0.869586
6.184052 0.871183
6.183735 0.871850
6.177136 0.832968
6.181085 0.776117
6.160774 0.708522
6.173768 0.646203
6.165841 0.585697
6.155977 0.519473
6.169821 0.461225
6.155121 0.398390
6.169307 0.369811
6.168785 0.392022
6.168202 0.411083
6.181630 0.444502
6.174465 0.461915
6.159819 0.463341
6.127339 0.523177
6.022547 0.581990
5.901508 0.617169
5.780870 0.640124
5.667820 0.644055
5.558089 0.618388
5.454022 0.593640
5.341162 0.569177
5.238462 0.532671
5.133056 0.505743
5.026401 0.470045
4.925844 0.433101
4.813192 0.414386
4.708771 0.386250
4.600264 0.363828
4.485073 0.345511
4.381085 0.314937
4.278357 0.286610
4.177244 0.237289
4.081874 0.190218
3.978034 0.157685
3.887773 0.107321
3.788307 0.088304
3.683281 0.062556
3.581543 0.035601
3.469161 0.040175
3.351885 0.042991
3.238425 0.033074
3.124108 0.019941
3.013050 -0.003474
2.903039 -0.028945
2.800874 -0.046841
2.692348 -0.042301
2.579753 -0.056499
2.473204 -0.052782
2.362938 -0.064030
2.258941 -0.083763
2.144207 -0.082227
2.031890 -0.088152
1.923743 -0.094438
1.811938 -0.105955
1.710450 -0.126547
1.603092 -0.131258
1.499413 -0.158501
1.392863 -0.173592
1.275243 -0.176413
1.162216 -0.184074
