0.400000 0.532035
0.400000 0.800000
0.400000 0.281349
0.400000 -0.050978
0.400000 -0.084293
0.400000 -0.025041
0.400000 -0.062284
0.400000 -0.130455
0.400000 -0.015643
0.400000 -0.091506
0.400000 -0.271717
0.400000 -0.511811
0.400000 -0.553526
0.400000 -0.128009
0.400000 -0.066917
0.400000 0.282715
0.400000 0.044426
0.400000 0.166154
0.400000 -0.030751
0.400000 -0.162799
0.400000 -0.373249
0.400000 -0.137579
0.400000 -0.018904
0.400000 0.061378
0.400000 0.031304
0.400000 -0.111895
0.400000 -0.149976
0.400000 -0.121476
0.400000 -0.075335
0.400000 0.210625
0.400000 0.124787
0.400000 -0.003291
0.400000 -0.102038
0.400000 -0.014883
0.400000 0.154473
0.400000 -0.085467
0.400000 -0.130247
0.400000 -0.182150
0.400000 -0.038204
0.400000 -0.800000
0.400000 0.621876
0.400000 0.494101
0.400000 0.295432
0.400000 0.062854
0.400000 -0.251597
0.400000 -0.115441
0.400000 0.800000
0.400000 0.800000
0.400000 0.800000
0.400000 0.800000
0.400000 -0.017005
0.400000 -0.198183
0.400000 -0.276912
0.400000 -0.368877
0.400000 -0.793700
0.400000 -0.092288
0.400000 0.044968
0.400000 0.800000
0.400000 0.800000
0.400000 0.800000
0.400000 0.800000
0.400000 0.195991
0.400000 0.063483
0.400000 -0.114368
0.400000 0.471796
0.400000 0.443804
-0.300000 0.000000
-0.300000 0.000000
-0.300000 0.000000
-0.300000 0.000000
-0.300000 0.000000
-0.300000 0.000000
-0.300000 0.000000
-0.300000 0.000000
0.050000 0.600000
0.050000 0.600000
0.050000 0.600000
0.050000 0.600000
0.050000 0.600000
0.050000 0.600000
0.400000 -0.336115
0.400000 -0.649613
0.400000 -0.381431
0.400000 -0.685974
0.400000 -0.494352
0.400000 -0.107230
0.400000 -0.241261
0.400000 -0.537472
0.400000 -0.800000
0.400000 -0.427761
0.400000 -0.480408
-0.300000 0.000000
-0.300000 0.000000
-0.300000 0.000000
-0.300000 0.000000
-0.300000 0.000000
-0.300000 0.000000
-0.300000 0.000000
-0.300000 0.000000
0.050000 0.600000
0.050000 0.600000
0.050000 0.600000
0.050000 0.600000
0.050000 0.600000
0.050000 0.600000
0.400000 0.800000
0.400000 0.800000
0.400000 0.783576
0.400000 0.385183
0.400000 0.749124
0.400000 0.172864
0.400000 0.195564
0.400000 0.186712
0.400000 0.065724
0.400000 -0.004446
0.400000 0.057577
0.400000 -0.102626
0.400000 -0.222318
0.400000 -0.159920
0.400000 -0.105540
0.400000 0.088790
0.400000 0.240268
0.400000 0.699276
0.400000 0.027172
0.400000 -0.016383
0.400000 -0.132088
0.400000 -0.581517
0.400000 -0.105831
0.400000 -0.119487
0.400000 -0.297075
0.400000 -0.655791
0.400000 0.543025
0.400000 0.178151
0.400000 0.325780
0.400000 -0.071275
0.400000 -0.130572
0.400000 -0.393343
0.400000 -0.303334
0.400000 -0.117722
0.400000 0.001086
0.400000 0.297083
0.400000 0.012444
0.400000 -0.268616
0.400000 0.229398
0.400000 -0.023866
0.400000 0.125044
0.400000 0.164267
0.400000 -0.064644
0.400000 -0.265448
0.400000 -0.125880
0.400000 -0.096000
0.400000 -0.322341
