0.250502 -0.133017
0.256225 -0.142024
0.329852 -0.149917
0.429994 -0.121150
0.546281 -0.102404
0.666594 -0.090645
0.783544 -0.074336
0.898189 -0.063241
1.007573 -0.052540
1.121878 -0.048056
1.227050 -0.032120
1.334454 -0.030118
1.444722 -0.022010
1.549876 -0.004147
1.660992 0.000284
1.769440 0.019585
1.870033 0.036314
1.976061 0.043804
2.083211 0.069051
2.194274 0.079181
2.307101 0.093125
2.416752 0.107511
2.533714 0.113118
2.641156 0.123568
2.749626 0.115625
2.857052 0.114355
2.962264 0.119089
3.071147 0.108175
3.176226 0.122003
3.281075 0.133539
3.396760 0.138178
3.509975 0.149432
3.621736 0.153930
3.730473 0.167656
3.833097 0.170069
3.941970 0.154961
4.057112 0.158085
4.169657 0.146031
4.283184 0.143160
4.391029 0.144632
4.506915 0.143672
4.618996 0.159776
4.728012 0.177544
4.835730 0.207329
4.936844 0.242272
5.047880 0.275166
5.148224 0.314609
5.253898 0.340560
5.359653 0.368084
5.460001 0.390994
5.568771 0.380141
5.676490 0.379091
5.789825 0.380725
5.906143 0.379262
6.014228 0.382923
6.128933 0.376690
6.235223 0.388512
6.342844 0.392701
6.457135 0.389502
6.565757 0.392898
6.672454 0.380702
6.775678 0.387401
6.874334 0.385850
6.979956 0.364158
7.094070 0.364597
7.205184 0.357721
7.321272 0.352853
7.431998 0.347613
7.546734 0.338779
7.652840 0.346872
