0.400000 0.267222
0.400000 0.234882
0.400000 0.182660
0.400000 -0.184674
0.400000 -0.069451
0.400000 -0.201804
0.400000 -0.044115
0.400000 -0.062209
0.400000 -0.043072
0.400000 -0.104671
0.400000 0.006885
0.400000 -0.004180
0.400000 0.139662
0.400000 0.055874
0.400000 0.085232
0.400000 0.145926
0.400000 -0.006800
0.400000 -0.098930
0.400000 -0.171135
0.400000 -0.034047
0.400000 -0.071511
0.400000 -0.106051
0.400000 -0.181086
0.400000 -0.209879
0.400000 -0.067290
0.400000 0.060450
0.400000 0.173119
0.400000 0.181213
0.400000 0.121673
0.400000 0.015096
0.400000 -0.051473
0.400000 -0.029543
0.400000 -0.170396
0.400000 -0.198260
0.400000 -0.170333
0.400000 -0.148146
0.400000 -0.006207
0.400000 0.160185
0.400000 0.322612
0.400000 0.324999
0.400000 0.310476
0.400000 0.099202
0.400000 0.199100
0.400000 0.172324
0.400000 0.038077
0.400000 -0.099475
0.400000 -0.200055
0.400000 -0.208776
0.400000 -0.651199
0.400000 -0.380492
0.400000 0.032808
0.400000 -0.065401
0.400000 0.044651
0.400000 -0.021032
0.400000 0.050763
0.400000 0.062957
0.400000 -0.069821
0.400000 -0.086574
0.400000 -0.133552
0.400000 0.061757
0.400000 -0.201312
0.400000 -0.045775
0.400000 0.042944
0.400000 0.062893
0.400000 0.005211
0.400000 -0.056556
0.400000 0.008918
0.400000 0.111311
0.400000 0.085928
