0.250502 -0.133017
0.236271 -0.135840
0.293295 -0.163453
0.397453 -0.148198
0.509646 -0.142789
0.623568 -0.133283
0.733242 -0.124745
0.845543 -0.123075
0.951838 -0.110174
1.061483 -0.110644
1.172843 -0.108352
1.282356 -0.103063
1.400135 -0.105696
1.506840 -0.099637
1.611477 -0.099489
1.722073 -0.091189
1.825459 -0.069946
1.928617 -0.075481
2.040997 -0.063149
2.153499 -0.052128
2.275447 -0.047518
2.390172 -0.042646
2.505257 -0.047237
2.610927 -0.035903
2.712609 -0.031182
2.819989 -0.032422
2.929769 -0.013765
3.045017 -0.007497
3.161025 -0.003217
3.270876 0.002228
3.384749 0.009007
3.488533 0.025337
3.593685 0.022245
3.697479 0.035092
3.803129 0.043720
3.917581 0.039855
4.027043 0.048394
4.137334 0.050103
4.251565 0.053039
4.358001 0.058004
4.468417 0.047524
4.574624 0.059598
4.684859 0.066279
4.800957 0.061673
4.910442 0.062519
5.020604 0.051093
5.125901 0.054681
5.229583 0.053285
5.340018 0.040093
5.449913 0.046407
5.559419 0.040347
5.675642 0.041994
5.779891 0.059618
5.893387 0.072709
5.996292 0.099005
6.096866 0.119404
6.207133 0.133533
6.306659 0.169401
6.410778 0.184000
6.516422 0.212691
6.620110 0.238798
