0.400000 -0.003218
0.400000 0.104209
0.400000 0.029690
0.400000 0.172136
0.400000 -0.028115
0.400000 -0.075080
0.400000 -0.111364
0.400000 -0.069834
0.400000 -0.065304
0.400000 -0.150485
0.400000 0.004699
0.400000 0.062514
0.400000 -0.103023
0.400000 0.334368
0.400000 0.261756
0.400000 -0.217935
0.400000 -0.068075
0.400000 -0.029667
0.400000 0.021660
0.400000 0.031920
0.400000 -0.214579
0.400000 -0.036353
0.400000 0.043972
0.400000 0.090948
0.400000 -0.011426
0.400000 0.103326
0.400000 -0.139831
0.400000 0.047195
0.400000 0.050477
0.400000 0.028158
0.400000 -0.057564
0.400000 -0.009141
0.400000 -0.121664
0.400000 -0.069552
0.400000 -0.079167
0.400000 0.002244
0.400000 -0.070926
0.400000 0.025865
0.400000 -0.056347
0.400000 0.013675
0.400000 0.200573
0.400000 -0.233549
0.400000 -0.047668
0.400000 -0.099448
0.400000 0.002622
0.400000 -0.128837
0.400000 0.092845
0.400000 0.006583
0.400000 -0.107773
0.400000 0.095092
0.400000 0.237127
0.400000 0.526996
0.400000 0.172120
0.400000 -0.346363
0.400000 0.065650
0.400000 0.338561
0.400000 -0.217595
0.400000 0.021837
0.400000 0.091845
0.400000 -0.357322
