0.250502 -0.133017
0.272576 -0.144705
0.353914 -0.131230
0.449740 -0.093590
0.565721 -0.066792
0.679062 -0.037208
0.790004 -0.006135
0.898975 0.030016
1.000103 0.061691
1.106999 0.079946
1.203207 0.113879
1.306856 0.121117
1.411787 0.133834
1.516925 0.150101
1.631682 0.148597
1.737633 0.160542
1.841297 0.156865
1.947208 0.156990
2.053470 0.168088
2.167103 0.163658
2.278179 0.169033
2.390573 0.172349
2.507953 0.173554
2.614676 0.180478
2.718266 0.169404
2.828552 0.181633
2.934368 0.179250
3.044375 0.174054
3.153786 0.177512
3.265586 0.168370
3.377784 0.172442
3.478092 0.181488
3.586486 0.187513
3.692872 0.219786
3.798202 0.238915
3.906371 0.250763
4.010011 0.276638
4.117113 0.298409
4.215049 0.350489
4.319362 0.383165
4.433218 0.408759
4.538480 0.437863
4.649613 0.439500
4.757874 0.447234
4.870481 0.453834
