0.400000 0.489482
0.400000 0.574222
0.400000 0.078452
0.400000 0.017725
0.400000 -0.123421
0.400000 -0.048919
0.400000 0.207212
0.400000 -0.159444
0.400000 -0.129280
0.400000 -0.368168
0.400000 -0.216093
0.400000 -0.161761
0.400000 -0.151160
0.400000 -0.025586
0.400000 -0.154908
0.400000 -0.036700
0.400000 -0.009122
0.400000 0.034030
0.400000 0.023630
0.400000 -0.046652
0.400000 -0.041544
0.400000 -0.012291
0.400000 -0.033867
0.400000 0.055989
0.400000 -0.065412
0.400000 -0.088520
0.400000 -0.086747
0.400000 -0.123039
0.400000 0.043699
0.400000 0.153129
0.400000 0.604345
0.400000 0.255828
0.400000 0.115184
0.400000 -0.211733
0.400000 -0.239463
0.400000 0.413369
0.400000 0.800000
0.400000 -0.477436
0.400000 -0.388881
0.400000 0.022302
0.400000 -0.287564
0.400000 -0.579759
0.400000 -0.321817
0.400000 -0.152751
