0.250502 -0.133017
0.272120 -0.144352
0.352649 -0.127754
0.446658 -0.084691
0.561389 -0.052462
0.675160 -0.011332
0.794346 0.026985
0.910389 0.053770
1.019890 0.074247
1.126490 0.101640
1.228863 0.125919
1.341309 0.129156
1.444465 0.150115
1.546986 0.149434
1.657087 0.150847
1.769184 0.163032
1.890878 0.161937
2.010477 0.165034
2.123532 0.176321
2.237269 0.193239
2.343243 0.210700
2.458141 0.214592
2.563499 0.232376
2.670323 0.234689
2.779138 0.232653
2.885947 0.241141
2.997138 0.232052
3.104866 0.230391
3.210020 0.225778
3.322790 0.215932
3.433752 0.224492
3.538536 0.220887
3.645380 0.223724
3.749790 0.233360
3.859450 0.230432
3.974256 0.245344
4.086580 0.269096
4.205662 0.288974
4.317110 0.310325
4.431698 0.323431
4.536697 0.346008
4.644055 0.352179
4.752213 0.349838
