0.400000 0.538106
0.400000 0.670765
0.400000 0.440405
0.400000 -0.277129
0.400000 -0.208183
0.400000 -0.234320
0.400000 -0.053670
0.400000 -0.101899
0.400000 -0.034277
0.400000 -0.225025
0.400000 -0.241311
0.400000 -0.185288
0.400000 -0.112984
0.400000 -0.163851
0.400000 0.012232
0.400000 0.201280
0.400000 0.146693
0.400000 0.098638
0.400000 0.016974
0.400000 -0.051848
0.400000 -0.075344
0.400000 -0.106069
0.400000 -0.155329
0.400000 -0.184689
0.400000 0.008184
0.400000 -0.142782
0.400000 -0.235644
0.400000 0.108347
0.400000 0.184074
0.400000 0.051976
0.400000 0.064389
0.400000 -0.143025
0.400000 0.162619
0.400000 0.183596
0.400000 0.529005
0.400000 -0.059071
0.400000 0.053435
0.400000 -0.090980
0.400000 -0.156396
0.400000 -0.097552
0.400000 -0.306543
0.400000 -0.434433
