0.250502 -0.133017
0.246837 -0.139811
0.314082 -0.153473
0.413194 -0.128859
0.525289 -0.115424
0.634667 -0.095166
0.740016 -0.081600
0.845738 -0.067583
0.948195 -0.039110
1.056936 -0.029591
1.163269 -0.008613
1.266691 0.002565
1.375116 -0.002767
1.482160 0.014221
1.587510 0.014555
1.696362 0.023426
1.800092 0.035954
1.910009 0.030969
2.014251 0.046579
2.119957 0.053583
2.234877 0.058943
2.340506 0.070174
2.445735 0.059325
2.552062 0.069734
2.657352 0.065633
2.769466 0.060909
2.875018 0.070239
2.975936 0.059592
3.094214 0.066923
3.210014 0.087453
3.325351 0.097243
3.436703 0.105696
3.549969 0.112550
3.653527 0.127973
3.758728 0.121686
3.867170 0.131221
3.976525 0.136068
4.095509 0.127397
4.210289 0.125181
4.319691 0.113524
4.426288 0.114417
4.528839 0.111415
4.634872 0.098315
4.744864 0.105818
4.850530 0.098978
4.959179 0.101330
5.065558 0.104043
5.178621 0.094181
5.281453 0.107658
5.381604 0.100360
5.489177 0.089944
5.600445 0.093492
5.718764 0.087957
5.829824 0.086702
5.934459 0.079236
6.045619 0.080441
6.154210 0.084433
6.264812 0.069519
6.373246 0.072206
6.484408 0.071951
6.602472 0.067500
6.710183 0.070813
6.814016 0.057422
6.924102 0.064711
7.034207 0.068000
7.155521 0.065065
7.270424 0.065429
7.381158 0.060385
7.485841 0.074316
7.586492 0.078703
