0.400000 0.227624
0.400000 0.193324
0.400000 0.055353
0.400000 0.038047
0.400000 0.027752
0.400000 -0.051753
0.400000 -0.007349
0.400000 -0.084612
0.400000 -0.029333
0.400000 -0.150584
0.400000 -0.203200
0.400000 -0.049829
0.400000 0.087450
0.400000 -0.110781
0.400000 -0.009876
0.400000 0.008695
0.400000 -0.109245
0.400000 0.014755
0.400000 0.023825
0.400000 -0.055192
0.400000 -0.035186
0.400000 -0.158823
0.400000 -0.178350
0.400000 0.029416
0.400000 0.112902
0.400000 -0.106122
0.400000 0.113424
0.400000 0.484973
0.400000 -0.022432
0.400000 -0.117838
0.400000 -0.087451
0.400000 0.002642
0.400000 -0.131596
0.400000 -0.093954
0.400000 -0.275541
0.400000 -0.089580
0.400000 0.013517
0.400000 0.040781
0.400000 -0.127441
0.400000 -0.129355
0.400000 0.109827
0.400000 0.132706
0.400000 0.075059
0.400000 -0.085736
0.400000 -0.113273
0.400000 -0.086076
0.400000 0.187186
0.400000 -0.106250
0.400000 -0.100058
0.400000 -0.063324
0.400000 0.063737
0.400000 0.039473
0.400000 -0.065273
0.400000 0.165610
0.400000 -0.220069
0.400000 -0.008836
0.400000 0.002755
0.400000 0.042974
0.400000 0.002428
0.400000 -0.025600
0.400000 0.075088
0.400000 0.032742
0.400000 -0.095410
0.400000 0.138386
0.400000 -0.094699
0.400000 0.160295
0.400000 0.054648
0.400000 -0.037816
0.400000 -0.047440
