0.250502 -0.133017
0.270437 -0.142777
0.350521 -0.119404
0.439123 -0.084786
0.541764 -0.067423
0.629599 -0.017889
0.731409 0.004751
0.847666 0.035884
0.957707 0.072526
1.068473 0.114459
1.163275 0.159878
1.264013 0.185742
1.365606 0.213706
1.475641 0.228302
1.599766 0.225395
1.708300 0.230055
1.813731 0.235039
1.915120 0.278125
2.015900 0.312340
2.124948 0.336835
2.230405 0.359731
2.342117 0.356931
2.447358 0.372905
2.556059 0.390445
2.673566 0.399011
2.786242 0.399401
2.897565 0.375801
3.002210 0.368182
3.105797 0.345379
3.213633 0.328364
3.319484 0.331085
3.430533 0.329226
3.544294 0.347021
3.651439 0.371505
3.759092 0.406864
3.855867 0.450237
3.964688 0.485396
4.068630 0.528417
4.173926 0.554794
4.289341 0.551918
4.403578 0.559725
4.528257 0.558984
4.651619 0.550501
4.765519 0.540800
4.877366 0.529155
4.989283 0.524984
5.111000 0.525540
5.225173 0.556246
5.336640 0.601403
5.443586 0.660369
5.547571 0.701894
5.646016 0.746437
5.741055 0.789322
5.853652 0.804411
5.967614 0.822468
6.086202 0.839284
6.213855 0.833895
6.339454 0.813143
6.451129 0.773942
6.549244 0.711895
6.628578 0.651515
6.672432 0.619048
6.651313 0.587043
6.673127 0.557542
6.675350 0.567521
6.677637 0.576244
6.655117 0.571258
6.611719 0.570923
6.551387 0.607387
6.492401 0.605029
6.441602 0.615948
6.381326 0.655081
6.322655 0.651371
6.270248 0.665662
6.249333 0.678747
6.264389 0.645533
6.297772 0.620931
6.326109 0.597973
6.339005 0.561671
6.363180 0.544634
6.396903 0.503101
6.432662 0.403984
6.495256 0.302336
6.564368 0.192972
6.641594 0.099572
6.628196 0.051501
6.680019 0.021874
6.654239 -0.001823
6.669214 -0.021692
6.640161 -0.019043
6.582521 -0.004210
6.515003 -0.007702
6.453396 -0.001904
6.383669 0.013383
6.320388 0.003941
6.252391 0.024326
6.187119 0.011623
6.156871 0.032387
6.160455 0.026248
6.180584 0.000302
