0.400000 0.687241
0.400000 0.800000
0.400000 -0.513111
0.400000 0.542950
0.400000 -0.800000
0.400000 0.484829
0.400000 0.028420
0.400000 0.066078
0.400000 0.116712
0.400000 -0.035728
0.400000 -0.156756
0.400000 -0.792388
0.400000 -0.800000
0.400000 0.058675
0.400000 0.448193
0.400000 0.706660
0.400000 0.287566
0.400000 -0.141228
0.400000 -0.507645
0.400000 -0.568126
0.400000 -0.147493
0.400000 0.247293
0.400000 0.103481
0.400000 -0.450769
0.400000 -0.653456
0.400000 -0.209445
0.400000 -0.153260
0.400000 0.034673
0.400000 0.160293
0.400000 0.706865
0.400000 0.470926
0.400000 0.355191
0.400000 0.217022
0.400000 0.107650
0.400000 0.201336
0.400000 -0.101895
0.400000 -0.336440
0.400000 -0.800000
0.400000 -0.785953
0.400000 0.325655
0.400000 0.086703
0.400000 0.007037
0.400000 -0.393016
0.400000 -0.121360
0.400000 0.149474
0.400000 0.800000
0.400000 0.800000
0.400000 0.800000
0.400000 -0.339531
0.400000 -0.312528
0.400000 -0.239819
0.400000 -0.220556
0.400000 -0.668076
0.400000 0.477218
0.400000 -0.800000
0.400000 -0.800000
0.400000 -0.800000
0.400000 -0.800000
0.400000 -0.412975
0.400000 -0.273608
0.400000 0.224237
0.400000 0.800000
0.400000 0.091070
0.400000 -0.169899
0.400000 -0.063607
-0.300000 0.000000
-0.300000 0.000000
-0.300000 0.000000
-0.300000 0.000000
-0.300000 0.000000
-0.300000 0.000000
-0.300000 0.000000
-0.300000 0.000000
0.050000 -0.600000
0.050000 -0.600000
0.050000 -0.600000
0.050000 -0.600000
0.050000 -0.600000
0.050000 -0.600000
0.400000 -0.026522
0.400000 -0.457352
0.400000 -0.033090
0.400000 0.800000
0.400000 0.800000
0.400000 0.800000
0.400000 0.800000
0.400000 0.342392
0.400000 0.527504
-0.300000 0.000000
-0.300000 0.000000
-0.300000 0.000000
-0.300000 0.000000
-0.300000 0.000000
-0.300000 0.000000
-0.300000 0.000000
-0.300000 0.000000
0.050000 -0.600000
0.050000 -0.600000
0.050000 -0.600000
