0.250502 -0.133017
0.266760 -0.143418
0.341176 -0.142111
0.434943 -0.107206
0.548918 -0.084786
0.659417 -0.059352
0.769427 -0.039088
0.881492 -0.021966
0.984897 0.002896
1.091407 0.006486
1.196228 0.030516
1.302917 0.042996
1.420341 0.045560
1.529814 0.057147
1.640802 0.055955
1.752085 0.066997
1.857530 0.082456
1.972525 0.083155
2.080619 0.102271
2.185272 0.113784
2.293044 0.128432
2.396751 0.148920
2.507471 0.148065
2.614724 0.159462
2.721480 0.162285
2.834166 0.154122
2.942497 0.160451
3.046443 0.153672
3.153065 0.159137
3.258488 0.172633
3.373013 0.171604
3.479667 0.186879
3.532300 0.178620
3.550640 0.170702
3.556161 0.175472
3.550152 0.174396
3.582111 0.171689
3.579810 0.165023
3.595055 0.161850
3.593787 0.167939
3.601551 0.170941
3.589969 0.144437
3.543395 0.116962
3.475236 0.090294
3.429474 0.047051
3.366898 0.027953
3.314149 -0.009220
3.268534 -0.043058
3.198989 -0.062519
3.196726 -0.088095
3.221741 -0.075046
3.248023 -0.068591
3.282957 -0.079825
3.313060 -0.081233
3.337471 -0.073689
3.379806 -0.100402
3.493925 -0.141589
3.610786 -0.149535
3.721215 -0.137945
3.825088 -0.121198
3.936598 -0.110992
4.042556 -0.090248
4.151920 -0.082372
4.267091 -0.068342
4.370480 -0.047188
4.478411 -0.044714
4.584806 -0.021581
4.694850 -0.000440
4.814478 0.014001
4.926167 0.027302
5.037088 0.028039
5.138873 0.045746
5.242808 0.046405
5.348846 0.045968
5.455068 0.056592
5.568321 0.052095
5.680223 0.055073
5.788593 0.051556
5.898566 0.041898
6.006100 0.053186
6.119360 0.057666
6.234631 0.057301
6.345794 0.053160
6.457805 0.042734
6.565715 0.042136
