0.400000 0.292345
0.400000 0.317594
0.400000 0.278302
0.400000 0.034285
0.400000 -0.206774
0.400000 -0.171545
0.400000 -0.024057
0.400000 -0.068153
0.400000 -0.166771
0.400000 -0.305439
0.400000 -0.063366
0.400000 -0.093820
0.400000 -0.041859
0.400000 -0.049945
0.400000 0.208513
0.400000 -0.033474
0.400000 -0.034910
0.400000 0.247062
0.400000 0.057238
0.400000 -0.012041
0.400000 -0.223291
0.400000 -0.229965
0.400000 -0.215379
0.400000 -0.059295
0.400000 -0.067615
0.400000 0.062313
0.400000 0.040581
0.400000 0.071163
0.400000 0.012987
0.400000 0.107185
0.400000 -0.010139
0.400000 -0.221112
0.400000 -0.089681
0.400000 -0.343379
0.400000 -0.079453
0.400000 -0.036108
0.400000 -0.178561
0.400000 0.075178
0.400000 -0.261278
0.400000 -0.571283
-0.300000 0.000000
-0.300000 0.000000
-0.300000 0.000000
-0.300000 0.000000
-0.300000 0.000000
-0.300000 0.000000
-0.300000 0.000000
-0.300000 0.000000
0.050000 -0.600000
0.050000 -0.600000
0.050000 -0.600000
0.050000 -0.600000
0.050000 -0.600000
0.050000 -0.600000
0.400000 -0.219103
0.400000 0.410004
0.400000 0.740901
0.400000 0.318334
0.400000 0.214549
0.400000 -0.362816
0.400000 -0.120625
0.400000 0.005023
0.400000 0.227297
0.400000 0.134929
0.400000 -0.128218
0.400000 0.094660
0.400000 -0.034860
0.400000 -0.067128
0.400000 -0.142967
0.400000 -0.091031
0.400000 -0.119529
0.400000 -0.096766
0.400000 -0.099982
0.400000 -0.029944
0.400000 0.006528
0.400000 -0.141743
0.400000 -0.135734
0.400000 -0.004271
0.400000 0.624551
0.400000 -0.325572
0.400000 -0.223268
0.400000 -0.218896
0.400000 -0.018549
0.400000 0.089687
