0.266471 -0.144964
0.347742 -0.134461
0.448871 -0.096669
0.567763 -0.070533
0.680012 -0.040790
0.790978 -0.014350
0.895379 0.023298
0.996642 0.057541
1.107496 0.081065
1.214318 0.112992
1.324875 0.137768
1.439292 0.156761
1.551676 0.169660
1.668458 0.163331
1.776393 0.171877
1.880329 0.175996
1.991595 0.192203
2.095907 0.218766
2.205923 0.227821
2.309409 0.254315
2.412029 0.279566
2.527048 0.301536
2.639168 0.319244
2.757123 0.310909
2.870965 0.302012
2.980980 0.296857
3.092329 0.293533
3.196903 0.291033
3.303230 0.278837
3.411127 0.291594
3.518563 0.294423
3.633073 0.300623
3.740690 0.309733
3.851263 0.308470
3.950982 0.330095
4.050229 0.323196
4.152866 0.298115
4.261021 0.293031
4.376815 0.271529
4.489639 0.264011
4.597079 0.259279
4.709648 0.259074
4.819872 0.267785
