0.400000 0.377515
0.400000 0.643027
0.400000 0.022189
0.400000 0.126341
0.400000 -0.092644
0.400000 -0.056709
0.400000 0.141000
0.400000 -0.065654
0.400000 -0.123992
0.400000 -0.112429
0.400000 -0.150235
0.400000 -0.396773
0.400000 -0.553163
0.400000 -0.071250
0.400000 0.208525
0.400000 0.364760
0.400000 0.287380
0.400000 0.067395
0.400000 -0.215125
0.400000 0.182373
0.400000 0.227639
0.400000 -0.346789
0.400000 -0.634420
0.400000 -0.498000
0.400000 0.241349
0.400000 -0.051644
0.400000 -0.099667
0.400000 0.030632
0.400000 0.082410
0.400000 0.095784
0.400000 0.218747
0.400000 -0.032776
0.400000 0.091419
0.400000 0.011394
0.400000 -0.243981
0.400000 -0.493109
0.400000 -0.577217
0.400000 0.226839
0.400000 0.290740
0.400000 0.225125
0.400000 0.139266
0.400000 -0.006275
0.400000 0.198936
