0.265320 -0.145662
0.352743 -0.130523
0.455517 -0.092293
0.574970 -0.066658
0.689104 -0.034014
0.805542 -0.007212
0.918181 0.019927
1.030427 0.040950
1.143682 0.058951
1.253033 0.080141
1.369118 0.084715
1.482173 0.096667
1.592542 0.102778
1.704510 0.115410
1.810962 0.128676
1.924395 0.127617
2.032952 0.142783
2.141741 0.156278
2.257459 0.173714
2.362541 0.194351
2.470244 0.193061
2.577168 0.211169
2.682953 0.214244
2.792299 0.214506
2.899046 0.217880
3.011186 0.202136
3.121900 0.198878
3.230748 0.190422
3.342688 0.186672
3.445361 0.204161
3.545569 0.199298
3.654972 0.208957
3.768218 0.224242
3.891540 0.231107
4.005202 0.237197
4.114900 0.227625
4.217168 0.238416
4.315694 0.223180
4.421075 0.200370
4.533119 0.196737
4.649076 0.182648
4.760500 0.176593
4.870802 0.175676
4.988312 0.174807
5.098749 0.185717
5.212246 0.206291
5.326330 0.253907
5.425924 0.315979
5.518328 0.386241
5.610631 0.451503
5.711624 0.504860
5.805084 0.560247
5.911505 0.590743
6.016286 0.631220
6.113144 0.687009
6.212577 0.759731
6.282397 0.817337
6.327914 0.828233
6.345179 0.874178
6.390235 0.849822
6.406333 0.859454
6.437528 0.866172
6.447767 0.861176
6.443348 0.871419
6.436858 0.871086
6.448276 0.827072
6.468700 0.763427
6.471345 0.699370
6.476977 0.631770
6.496233 0.574577
6.487940 0.504461
6.511228 0.447339
6.521154 0.393185
6.512898 0.371859
6.530853 0.397868
6.520749 0.430053
6.520579 0.455442
6.522236 0.484478
6.503161 0.485654
6.459463 0.522937
6.358268 0.569672
6.239464 0.582407
6.118669 0.580045
6.007272 0.566616
5.892320 0.545442
5.786445 0.525159
5.678293 0.523557
5.566652 0.494028
5.455695 0.451886
5.354230 0.396473
5.254549 0.352786
5.135825 0.325786
5.025047 0.295630
4.910109 0.263139
4.804853 0.228792
4.703037 0.199280
4.600892 0.162757
4.501345 0.118498
4.391220 0.090163
4.289524 0.054381
4.187006 0.031875
4.081128 0.019262
3.978931 -0.005153
3.868670 -0.003394
3.761960 -0.012100
3.656576 -0.017927
3.545947 -0.020081
3.440238 -0.036976
3.334404 -0.049337
3.221761 -0.068177
3.117866 -0.093746
3.008741 -0.096190
2.907162 -0.120226
2.800840 -0.128384
2.685989 -0.127801
2.577121 -0.133808
2.466995 -0.126146
2.359833 -0.135489
2.253090 -0.141942
2.139554 -0.128909
2.030208 -0.128629
1.919674 -0.130586
1.804072 -0.134058
1.695165 -0.142866
1.579702 -0.141101
1.474205 -0.152351
1.367362 -0.145687
1.260596 -0.126569
1.153259 -0.121785
