0.400000 0.493181
0.400000 0.656684
0.400000 0.086036
0.400000 -0.125398
0.400000 -0.058823
0.400000 -0.149728
0.400000 -0.086403
0.400000 -0.195501
0.400000 -0.129210
0.400000 -0.105672
0.400000 -0.263794
0.400000 -0.072578
0.400000 -0.002129
0.400000 0.103830
0.400000 -0.131732
0.400000 0.000791
0.400000 0.087889
0.400000 0.225840
0.400000 0.096508
0.400000 -0.080572
0.400000 -0.255634
0.400000 -0.056494
0.400000 -0.133113
0.400000 -0.238241
0.400000 -0.197900
0.400000 -0.071867
0.400000 0.073993
0.400000 -0.040053
0.400000 0.454567
0.400000 0.068340
0.400000 -0.013166
0.400000 0.119556
0.400000 -0.131923
0.400000 0.032038
0.400000 -0.127708
0.400000 -0.285325
0.400000 -0.397911
0.400000 -0.325604
0.400000 0.178814
0.400000 -0.019564
0.400000 0.238003
0.400000 0.092034
0.400000 0.157076
0.400000 -0.180258
0.400000 0.800000
0.400000 0.800000
0.400000 0.800000
0.400000 0.563815
0.400000 -0.058225
0.400000 -0.303240
0.400000 -0.427102
0.400000 -0.601061
0.400000 -0.399311
0.400000 0.800000
0.400000 0.429911
0.400000 0.800000
0.400000 0.667809
0.400000 0.800000
0.400000 0.696135
0.400000 0.694446
0.400000 0.800000
0.400000 0.641863
0.400000 0.124720
0.400000 -0.030390
0.400000 -0.095726
-0.300000 0.000000
-0.300000 0.000000
-0.300000 0.000000
-0.300000 0.000000
-0.300000 0.000000
-0.300000 0.000000
-0.300000 0.000000
-0.300000 0.000000
0.050000 0.600000
0.050000 0.600000
0.050000 0.600000
0.050000 0.600000
0.050000 0.600000
0.050000 0.600000
0.400000 0.708480
0.400000 0.800000
0.400000 0.800000
0.400000 0.425791
0.400000 0.240670
0.400000 0.002166
0.400000 -0.147239
0.400000 -0.163161
0.400000 0.800000
0.400000 0.800000
0.400000 -0.331557
0.400000 -0.720560
0.400000 -0.237403
0.400000 0.265472
0.400000 0.150389
0.400000 0.048760
0.400000 0.055516
0.400000 -0.071025
0.400000 -0.004000
0.400000 -0.132797
0.400000 -0.232085
0.400000 -0.216592
0.400000 -0.253612
0.400000 -0.255931
0.400000 -0.219609
0.400000 -0.013732
0.400000 0.085976
0.400000 -0.140326
0.400000 0.169844
0.400000 0.421343
0.400000 0.252611
0.400000 -0.211029
0.400000 -0.244100
0.400000 -0.295501
0.400000 -0.166969
0.400000 -0.092148
0.400000 -0.125480
0.400000 0.067353
0.400000 0.069935
0.400000 -0.118819
0.400000 -0.266001
0.400000 0.245933
0.400000 0.225921
0.400000 0.033486
0.400000 -0.002091
0.400000 -0.078374
0.400000 -0.028264
0.400000 -0.493710
0.400000 -0.205679
0.400000 0.007715
