0.250502 -0.133017
0.274178 -0.142990
0.349783 -0.140684
0.440890 -0.109254
0.546504 -0.099252
0.654047 -0.072494
0.756978 -0.047567
0.863646 -0.034203
0.963606 -0.007521
1.066049 -0.005931
1.176547 0.006862
1.287846 0.022898
1.407637 0.024137
1.520501 0.031059
1.633013 0.037763
1.745507 0.051023
1.848108 0.057876
1.957158 0.050360
2.066893 0.067935
2.172026 0.069081
2.281178 0.077883
2.384665 0.091373
2.495285 0.083097
2.598246 0.095234
2.702973 0.090962
2.812547 0.076681
2.923202 0.079472
3.033879 0.075572
3.152692 0.085783
3.256006 0.105264
3.367434 0.126009
3.473072 0.154538
3.581216 0.167865
3.690217 0.184755
3.794441 0.200307
3.896111 0.189395
4.003759 0.197244
4.107838 0.178255
4.213997 0.169590
4.320830 0.169582
4.439125 0.161463
4.557590 0.178485
4.672792 0.211039
4.788114 0.236456
4.896070 0.263632
5.002253 0.298374
5.101982 0.335300
5.213560 0.353191
5.312860 0.383333
5.415521 0.394333
5.523437 0.381989
5.631298 0.386396
5.742013 0.383442
5.859468 0.381509
5.971685 0.382161
6.090273 0.375076
6.202283 0.374988
6.313104 0.372423
6.428024 0.371935
6.535069 0.374765
6.646076 0.361138
6.748672 0.367386
6.845371 0.357960
6.952495 0.334709
7.068634 0.330860
7.186129 0.321697
7.299303 0.323527
7.407256 0.333805
7.517574 0.351603
7.620364 0.367387
7.730435 0.366582
