0.400000 0.328595
0.400000 0.200366
0.400000 0.089721
0.400000 -0.006371
0.400000 0.227454
0.400000 -0.082037
0.400000 -0.144576
0.400000 -0.312612
0.400000 -0.034340
0.400000 -0.179397
0.400000 -0.071469
0.400000 -0.122634
0.400000 0.071720
0.400000 0.014497
0.400000 -0.101624
0.400000 -0.047395
0.400000 -0.009052
0.400000 0.079928
0.400000 0.005353
0.400000 0.021822
0.400000 -0.079481
0.400000 -0.170383
0.400000 -0.198983
0.400000 -0.161263
0.400000 -0.026751
0.400000 0.049870
0.400000 0.126951
0.400000 0.625837
0.400000 0.496787
0.400000 -0.076222
0.400000 -0.344850
0.400000 -0.149588
0.400000 -0.168309
0.400000 -0.085403
0.400000 -0.307587
0.400000 -0.384909
0.400000 -0.224947
0.400000 -0.082076
0.400000 0.382174
0.400000 0.524534
0.400000 0.768849
0.400000 0.130954
0.400000 -0.080266
0.400000 -0.010867
0.400000 -0.003420
0.400000 -0.105701
0.400000 -0.251452
0.400000 -0.328240
0.400000 -0.581225
0.400000 -0.285435
0.400000 -0.018526
0.400000 0.050784
0.400000 0.013752
0.400000 -0.066328
0.400000 0.025009
0.400000 0.013994
0.400000 0.030189
0.400000 0.020501
0.400000 -0.069234
0.400000 -0.038766
0.400000 -0.262135
0.400000 -0.073215
0.400000 -0.027004
0.400000 0.217862
0.400000 0.201541
0.400000 0.428271
0.400000 0.170553
0.400000 -0.063505
0.400000 -0.112525
0.400000 -0.043923
