0.250502 -0.133017
0.271954 -0.144439
0.352790 -0.127734
0.445471 -0.088305
0.559557 -0.057077
0.665286 -0.018675
0.769650 0.005075
0.871065 0.041951
0.967741 0.081180
1.077292 0.098216
1.172196 0.129733
1.271326 0.141541
1.385805 0.133293
1.497394 0.136760
1.608588 0.129523
1.718802 0.133038
1.822508 0.139792
1.934184 0.149123
2.034587 0.176126
2.137638 0.191563
2.245953 0.216496
2.352753 0.245040
2.466504 0.252853
2.572317 0.265073
2.682151 0.259930
2.794034 0.236353
2.904477 0.222343
3.017780 0.191116
3.127632 0.170474
3.234491 0.151973
3.350933 0.143750
3.459303 0.161205
3.514261 0.155814
3.570271 0.186513
3.555098 0.180159
3.577913 0.169311
3.573030 0.156148
3.581441 0.161923
3.602006 0.147551
3.620914 0.153696
3.606959 0.159986
3.617870 0.161584
3.612930 0.122945
3.597868 0.092975
3.572844 0.057380
3.524166 0.045622
3.489451 0.041774
3.474925 0.004285
3.445454 -0.038733
3.385219 -0.061186
3.380836 -0.084192
3.407928 -0.079249
3.440905 -0.069861
3.477493 -0.074665
3.506414 -0.069317
3.525130 -0.055938
3.571845 -0.087136
3.663468 -0.136901
3.770619 -0.169346
3.889282 -0.202017
4.002765 -0.209921
4.121662 -0.199870
4.239077 -0.167979
4.349511 -0.132755
4.457140 -0.096490
4.562096 -0.075075
4.667614 -0.062749
4.767672 -0.017553
4.871640 0.035648
4.974655 0.103294
5.071673 0.166980
5.167932 0.225390
5.262554 0.274704
5.376091 0.297989
5.482421 0.319065
5.594548 0.317196
5.708199 0.303060
5.819970 0.301200
5.942629 0.291086
6.060469 0.295782
6.168907 0.299209
6.277912 0.312279
6.383422 0.315591
6.491616 0.300539
6.595705 0.311717
6.698764 0.301799
6.806333 0.286078
6.912512 0.279588
7.016074 0.243439
7.126771 0.214949
7.238277 0.199083
7.363514 0.206895
7.474537 0.229440
7.590021 0.263921
7.695779 0.309930
7.799509 0.353280
7.886662 0.406373
7.980951 0.440808
8.087260 0.454572
8.192624 0.490941
8.308614 0.531896
8.417399 0.582689
8.512693 0.646111
8.598242 0.715320
8.688910 0.784302
8.790752 0.838510
8.891274 0.886541
9.006168 0.913936
9.116657 0.954493
9.218872 1.013142
9.303242 1.081996
9.400838 1.138044
9.483657 1.174025
9.529037 1.159895
9.578170 1.151806
9.615665 1.171816
9.657025 1.156442
9.688744 1.162528
9.717608 1.171067
9.718863 1.170877
9.721332 1.153677
9.724695 1.099113
9.724346 1.052912
9.725684 1.030115
9.727311 0.980558
9.730375 0.922894
9.729143 0.891231
9.726187 0.831313
9.723742 0.809347
9.717452 0.811034
9.693145 0.812808
9.689344 0.833673
9.677999 0.845095
9.643085 0.864573
9.590243 0.898871
9.542350 0.983182
9.449655 1.062365
9.344527 1.124307
9.229495 1.178613
9.123110 1.208191
9.012643 1.208797
8.904590 1.199969
8.785161 1.192267
8.673747 1.168609
8.571311 1.137405
8.479994 1.075730
8.398164 1.007812
8.320716 0.918777
8.271255 0.815385
8.215782 0.706370
8.169565 0.595755
8.127883 0.483324
8.075811 0.369575
8.010993 0.260556
7.951045 0.159696
7.908221 0.053739
7.886489 -0.067800
7.883432 -0.176744
7.912223 -0.291444
7.960230 -0.392185
8.026736 -0.494181
8.111296 -0.573917
8.211352 -0.643171
8.324097 -0.689529
8.433256 -0.716243
8.547388 -0.707152
8.657927 -0.683906
8.774407 -0.639081
8.873451 -0.579877
8.969098 -0.500243
9.041721 -0.408112
9.099094 -0.304785
9.130876 -0.192170
9.162613 -0.084801
9.194861 0.032963
9.194626 0.147917
9.165603 0.264874
9.125509 0.365444
9.055039 0.464586
8.975431 0.543166
8.876791 0.609016
8.771056 0.646536
8.656319 0.679306
8.538256 0.690852
8.419059 0.685251
8.300346 0.673323
8.195389 0.653996
8.094246 0.614593
8.001859 0.578757
7.895465 0.562166
7.783659 0.521681
7.668193 0.488226
7.549277 0.461952
7.437706 0.436345
7.325282 0.412971
7.220856 0.391407
7.111983 0.394166
7.002767 0.374534
6.893472 0.360497
6.774616 0.345913
