0.400000 0.533846
0.400000 0.664382
0.400000 0.070392
0.400000 0.324722
0.400000 -0.454691
0.400000 -0.022198
0.400000 -0.058626
0.400000 -0.037110
0.400000 -0.221562
0.400000 -0.607155
0.400000 -0.410111
0.400000 -0.093442
0.400000 0.028573
0.400000 -0.165382
0.400000 0.174124
0.400000 0.311908
0.400000 0.187656
0.400000 0.042690
0.400000 0.188204
0.400000 -0.018687
0.400000 -0.087448
0.400000 -0.354377
0.400000 -0.519948
0.400000 -0.527154
0.400000 -0.532454
0.400000 -0.019773
0.400000 -0.056196
0.400000 0.152405
0.400000 0.430041
0.400000 0.764263
0.400000 0.464165
0.400000 0.178505
0.400000 -0.145890
0.400000 -0.522362
0.400000 -0.535423
0.400000 -0.324965
0.400000 -0.183158
0.400000 0.279408
0.400000 -0.012902
0.400000 -0.417352
0.400000 -0.472084
-0.300000 0.000000
-0.300000 0.000000
-0.300000 0.000000
-0.300000 0.000000
-0.300000 0.000000
-0.300000 0.000000
-0.300000 0.000000
-0.300000 0.000000
0.050000 -0.600000
0.050000 -0.600000
0.050000 -0.600000
0.050000 -0.600000
0.050000 -0.600000
0.050000 -0.600000
0.400000 -0.800000
0.400000 -0.406300
0.400000 0.263551
0.400000 0.642312
0.400000 0.800000
0.400000 0.800000
0.400000 0.317454
0.400000 -0.070706
0.400000 -0.194072
0.400000 -0.478411
0.400000 0.217288
0.400000 0.800000
0.400000 0.780926
0.400000 0.022602
0.400000 -0.283149
0.400000 -0.489374
0.400000 -0.609172
0.400000 -0.511143
0.400000 -0.665630
0.400000 -0.544221
0.400000 -0.504040
0.400000 0.274082
0.400000 0.590976
0.400000 0.144203
0.400000 0.052704
0.400000 -0.102763
0.400000 -0.765780
0.400000 0.316948
0.400000 -0.202358
0.400000 -0.067988
0.400000 -0.403113
0.400000 -0.218389
0.400000 -0.289242
0.400000 0.321936
0.400000 0.800000
0.400000 0.800000
0.400000 0.443551
0.400000 0.578497
0.400000 0.045690
0.400000 0.052818
0.400000 -0.263190
0.400000 -0.384081
0.400000 -0.686368
0.400000 0.356206
0.400000 0.650575
0.400000 0.778290
0.400000 0.382252
0.400000 -0.002854
0.400000 -0.464639
0.400000 -0.627504
0.400000 -0.672702
0.400000 -0.167467
0.400000 0.800000
0.400000 0.800000
0.400000 -0.522345
0.400000 -0.119307
0.400000 0.800000
0.400000 0.800000
0.400000 0.800000
0.400000 0.800000
0.400000 0.800000
0.400000 0.663403
0.400000 0.580374
0.400000 0.734520
-0.300000 0.000000
-0.300000 0.000000
-0.300000 0.000000
-0.300000 0.000000
-0.300000 0.000000
-0.300000 0.000000
-0.300000 0.000000
-0.300000 0.000000
0.050000 0.600000
0.050000 0.600000
0.050000 0.600000
0.050000 0.600000
0.050000 0.600000
0.050000 0.600000
0.400000 0.800000
0.400000 0.800000
0.400000 0.601776
0.400000 0.800000
0.400000 0.800000
0.400000 0.588354
0.400000 0.506481
0.400000 0.130308
0.400000 0.409074
0.400000 0.637462
0.400000 0.800000
0.400000 0.485498
0.400000 0.800000
0.400000 0.800000
0.400000 0.800000
0.400000 -0.090683
0.400000 0.800000
0.400000 -0.754046
0.400000 -0.608314
0.400000 -0.443997
0.400000 0.800000
0.400000 0.800000
0.400000 0.800000
0.400000 0.800000
0.400000 0.800000
0.400000 0.800000
0.400000 0.800000
0.400000 0.800000
0.400000 0.800000
0.400000 0.800000
0.400000 0.800000
0.400000 0.800000
0.400000 0.800000
0.400000 0.727918
0.400000 0.604716
0.400000 0.780367
0.400000 0.800000
0.400000 0.800000
0.400000 0.600667
0.400000 -0.187829
0.400000 0.800000
0.400000 0.800000
0.400000 0.800000
0.400000 0.800000
0.400000 0.800000
0.400000 0.800000
0.400000 0.800000
0.400000 0.800000
0.400000 0.534669
0.400000 0.800000
0.400000 0.319362
0.400000 0.306417
0.400000 0.266278
0.400000 0.117742
0.400000 -0.100860
0.400000 -0.123339
0.400000 -0.179347
0.400000 -0.012746
0.400000 0.029858
0.400000 -0.047593
0.400000 -0.308037
0.400000 -0.470502
0.400000 -0.012931
0.400000 0.010234
0.400000 0.247476
0.400000 0.437336
