0.250502 -0.133017
0.273595 -0.144015
0.349425 -0.134335
0.435301 -0.096077
0.542516 -0.079410
0.648098 -0.048206
0.754103 -0.020937
0.867918 -0.001585
0.969849 0.030455
1.074300 0.050919
1.183304 0.072272
1.285777 0.093141
1.392798 0.089794
1.507425 0.106080
1.617314 0.110528
1.733731 0.116137
1.839294 0.124059
1.946281 0.119848
2.052146 0.140001
2.156248 0.154901
2.269508 0.175785
2.378614 0.200877
2.495515 0.216160
2.604407 0.235509
2.711181 0.237561
2.818818 0.233706
2.924945 0.246896
3.034351 0.244641
3.136335 0.264817
3.231792 0.273691
3.340009 0.264727
3.458824 0.277470
3.580062 0.284116
3.692181 0.287803
3.799907 0.285139
3.906501 0.286988
4.011042 0.303769
4.121165 0.301628
4.229471 0.311658
4.333200 0.307411
4.439618 0.283638
4.551414 0.282577
4.659324 0.271621
