0.400000 0.432962
0.400000 0.321545
0.400000 0.214955
0.400000 0.020936
0.400000 -0.137089
0.400000 -0.154195
0.400000 -0.032062
0.400000 0.040808
0.400000 -0.057763
0.400000 -0.080204
0.400000 -0.245335
0.400000 -0.232217
0.400000 -0.205798
0.400000 -0.013321
0.400000 -0.038679
0.400000 0.153461
0.400000 0.093933
0.400000 0.255228
0.400000 0.173624
0.400000 0.020548
0.400000 -0.108794
0.400000 -0.108826
0.400000 -0.253229
0.400000 -0.348292
0.400000 -0.105617
0.400000 0.121668
0.400000 0.243267
0.400000 -0.151373
0.400000 -0.035287
0.400000 -0.064498
0.400000 -0.015386
0.400000 0.055134
0.400000 -0.089316
0.400000 -0.064563
0.400000 0.157183
0.400000 -0.052159
0.400000 -0.049976
0.400000 -0.142428
0.400000 -0.560172
0.400000 0.078649
0.400000 0.048403
0.400000 0.038142
