0.250502 -0.133017
0.258177 -0.142511
0.331941 -0.148524
0.431422 -0.122049
0.546725 -0.111492
0.658033 -0.099342
0.768874 -0.090167
0.885058 -0.082138
0.992188 -0.069303
1.097416 -0.076813
1.202899 -0.062212
1.307844 -0.062660
1.417999 -0.062556
1.524863 -0.050028
1.631488 -0.056579
1.738824 -0.047417
1.845264 -0.040536
1.960145 -0.048679
2.067969 -0.042070
2.172152 -0.047227
2.278954 -0.049647
2.386356 -0.043310
2.499212 -0.048985
2.606392 -0.039119
2.708644 -0.037236
2.817514 -0.048357
2.930717 -0.030708
3.051883 -0.006660
3.173846 0.010398
3.289698 0.023929
3.397364 0.041501
3.505045 0.058472
3.622126 0.065056
3.732247 0.073754
3.837107 0.068972
3.944370 0.076497
4.050394 0.083078
4.161942 0.075312
4.263349 0.092232
4.363679 0.085146
4.469023 0.077735
4.576607 0.083813
