0.400000 0.270582
0.400000 0.135947
0.400000 -0.065585
0.400000 -0.058864
0.400000 -0.116479
0.400000 -0.027240
0.400000 -0.078360
0.400000 -0.017295
0.400000 -0.099629
0.400000 -0.132813
0.400000 0.036681
0.400000 0.054375
0.400000 -0.121384
0.400000 0.028853
0.400000 -0.134611
0.400000 -0.046136
0.400000 -0.021304
0.400000 -0.046755
0.400000 0.043914
0.400000 -0.067268
0.400000 -0.034538
0.400000 0.170670
0.400000 -0.083829
0.400000 0.018371
0.400000 -0.039629
0.400000 0.800000
0.400000 0.367673
0.400000 -0.413509
0.400000 -0.190689
0.400000 -0.109242
0.400000 -0.009329
0.400000 -0.221243
0.400000 -0.121583
0.400000 -0.009645
0.400000 -0.088499
0.400000 -0.081105
0.400000 0.241828
0.400000 -0.165698
0.400000 -0.255802
0.400000 0.069476
0.400000 -0.052617
