0.263850 -0.145722
0.341254 -0.125495
0.428164 -0.085840
0.540245 -0.057534
0.648549 -0.017715
0.755528 0.012666
0.864547 0.044134
0.966037 0.080167
1.077445 0.103737
1.179134 0.136985
1.283758 0.154018
1.390194 0.162974
1.494149 0.180570
1.608281 0.176732
1.715884 0.188562
1.819321 0.190602
1.928088 0.185463
2.040374 0.196494
2.153296 0.194359
2.256189 0.209316
2.351877 0.208747
2.458623 0.194134
2.568046 0.203583
2.677453 0.203800
2.794891 0.207855
2.908375 0.214355
3.025880 0.207207
3.137140 0.204847
3.250068 0.201581
3.366816 0.203689
3.471419 0.214559
3.585918 0.218012
3.692056 0.236750
3.800195 0.247396
3.913348 0.253859
4.019771 0.267099
4.128419 0.261004
4.234012 0.272205
4.339330 0.273015
4.446228 0.253812
4.552192 0.250678
4.656830 0.240672
4.771671 0.234749
4.878065 0.236301
