0.400000 0.549276
0.400000 0.435980
0.400000 0.430187
0.400000 -0.056771
0.400000 -0.217644
0.400000 -0.177932
0.400000 0.050853
0.400000 0.004211
0.400000 -0.085264
0.400000 -0.174932
0.400000 -0.329168
0.400000 -0.456615
0.400000 -0.286588
0.400000 0.063762
0.400000 0.012505
0.400000 -0.076710
0.400000 0.011630
0.400000 0.039004
0.400000 0.019700
0.400000 -0.400295
0.400000 -0.010873
0.400000 0.028527
0.400000 -0.004551
0.400000 0.184217
0.400000 0.054967
0.400000 -0.105390
0.400000 -0.295510
0.400000 0.017021
0.400000 -0.009225
0.400000 0.215127
0.400000 0.282071
0.400000 0.075043
0.400000 -0.031016
0.400000 -0.098131
0.400000 0.021010
0.400000 -0.201048
0.400000 -0.071033
0.400000 -0.016816
0.400000 -0.343026
0.400000 -0.169642
0.400000 -0.111823
0.400000 0.254128
0.400000 0.195001
0.400000 -0.055249
