0.265393 -0.145657
0.350804 -0.130513
0.452910 -0.094030
0.573258 -0.073754
0.693079 -0.066264
0.814649 -0.084096
0.932071 -0.110854
1.040187 -0.133901
1.155394 -0.159081
1.263752 -0.175692
1.374014 -0.191443
1.479124 -0.175291
1.578087 -0.163033
1.688125 -0.143247
1.795513 -0.107883
1.905253 -0.077318
2.014604 -0.038972
2.116248 -0.009912
2.222184 0.013054
2.327811 0.054386
2.440019 0.074599
2.544968 0.097236
2.647579 0.106677
2.764939 0.094471
2.877283 0.090980
2.981198 0.086625
3.093982 0.105880
3.195722 0.145820
3.313692 0.171818
3.433589 0.198308
3.548286 0.220396
3.613903 0.224589
3.608183 0.213253
3.654844 0.208463
3.663748 0.205088
3.673037 0.208248
3.680189 0.199699
3.682788 0.202058
3.684815 0.200061
3.682205 0.202110
3.650232 0.176154
3.609327 0.137260
3.570304 0.094448
3.505104 0.065550
3.470538 0.014924
3.422354 -0.020278
3.367404 -0.057443
3.334367 -0.105914
3.302464 -0.104259
3.331136 -0.104479
3.366702 -0.106608
3.390779 -0.090031
3.410402 -0.083351
3.442201 -0.094678
3.500349 -0.105495
3.583140 -0.093124
3.682380 -0.112812
3.790051 -0.116136
3.897556 -0.121484
4.013019 -0.128115
4.121134 -0.124454
4.234404 -0.127253
4.342712 -0.117736
4.448484 -0.112335
4.559723 -0.110046
4.667212 -0.091310
4.773875 -0.075176
4.880072 -0.036840
4.979888 0.008354
5.087366 0.049860
5.183995 0.092507
5.291634 0.110654
5.399301 0.123718
5.510935 0.123680
5.628553 0.111498
5.739486 0.114763
5.848887 0.121041
5.961214 0.149335
6.064147 0.186165
6.174687 0.221895
6.275857 0.261562
6.379150 0.297141
6.485022 0.337388
6.587615 0.368130
6.702537 0.369204
6.817759 0.367287
6.931583 0.355411
7.047277 0.335263
7.157376 0.315740
7.266392 0.289394
7.374444 0.291399
7.480662 0.296209
7.593778 0.318959
7.697911 0.353809
7.809359 0.390497
7.913491 0.441317
8.018866 0.496186
8.131994 0.543211
8.238322 0.585899
8.349520 0.621148
8.455565 0.658338
8.571730 0.679119
8.681935 0.704894
8.794513 0.725831
8.913457 0.736403
9.025276 0.749296
9.141861 0.746945
9.250127 0.755556
9.356351 0.751362
9.463505 0.752226
9.568906 0.758278
9.679633 0.738758
9.788954 0.724960
9.895496 0.708215
10.007763 0.690890
10.115907 0.676190
10.218488 0.632396
10.319650 0.597278
10.420511 0.557070
10.527441 0.506007
10.628757 0.460100
10.723272 0.396399
10.815654 0.343376
10.909828 0.293392
11.016885 0.238432
11.135445 0.214537
11.252561 0.209356
11.374185 0.229327
11.480058 0.266859
11.575466 0.332934
11.657322 0.409009
11.652416 0.442379
11.676418 0.476409
11.646116 0.515321
11.672088 0.551155
11.658638 0.580243
11.671672 0.608262
11.674279 0.634197
11.670597 0.666316
11.658976 0.700023
11.663129 0.693527
11.670910 0.719265
11.671407 0.709319
11.672683 0.724806
11.670751 0.705087
11.627941 0.714230
11.574033 0.692784
11.514697 0.694112
11.447015 0.698063
11.391271 0.677795
11.326690 0.685691
11.265849 0.675094
11.208252 0.659973
11.185523 0.670190
11.210479 0.647549
11.236817 0.658200
11.260113 0.661547
11.297826 0.660568
11.307380 0.675869
11.338606 0.711332
11.426853 0.770533
11.502788 0.856474
11.586163 0.947153
11.596494 1.009458
11.633048 1.034298
11.631911 1.063599
11.671067 1.073882
11.625279 1.059308
11.667872 1.074727
11.660719 1.098698
11.671472 1.117382
11.679130 1.156032
12.091958 1.813610
