0.400000 0.488524
0.400000 0.545130
0.400000 -0.121570
0.400000 -0.440040
0.400000 -0.800000
0.400000 -0.717086
0.400000 -0.137589
0.400000 0.196601
0.400000 0.109437
0.400000 0.179749
0.400000 0.435812
0.400000 0.489508
0.400000 0.402035
0.400000 0.240684
0.400000 0.035710
0.400000 0.122042
0.400000 -0.017609
0.400000 -0.055204
0.400000 0.048024
0.400000 -0.106612
0.400000 -0.281233
0.400000 -0.731774
0.400000 -0.303860
0.400000 -0.205674
0.400000 0.020766
0.400000 0.334849
0.400000 0.800000
0.400000 0.684357
0.400000 -0.800000
0.400000 -0.139584
0.400000 -0.120267
0.400000 -0.035246
0.400000 0.414142
0.400000 0.328517
0.400000 0.412344
0.400000 -0.052048
0.400000 -0.069924
0.400000 -0.288768
0.400000 -0.558868
0.400000 -0.275513
-0.300000 0.000000
-0.300000 0.000000
-0.300000 0.000000
-0.300000 0.000000
-0.300000 0.000000
-0.300000 0.000000
-0.300000 0.000000
-0.300000 0.000000
0.050000 -0.600000
0.050000 -0.600000
0.050000 -0.600000
0.050000 -0.600000
0.050000 -0.600000
0.050000 -0.600000
0.400000 -0.372228
0.400000 -0.185598
0.400000 -0.060055
0.400000 0.129713
0.400000 0.014966
0.400000 -0.054558
0.400000 0.378155
0.400000 -0.009590
0.400000 0.012234
0.400000 0.066244
0.400000 -0.030793
0.400000 0.539173
0.400000 0.461741
0.400000 0.645834
0.400000 -0.162456
0.400000 -0.008720
0.400000 -0.372169
0.400000 -0.562448
0.400000 -0.800000
0.400000 -0.444137
0.400000 0.023697
0.400000 0.326992
0.400000 0.670028
0.400000 0.398293
0.400000 0.292725
0.400000 -0.148837
0.400000 -0.025215
0.400000 0.133393
0.400000 -0.126864
0.400000 -0.381879
0.400000 -0.800000
0.400000 -0.551673
0.400000 -0.215520
0.400000 -0.108070
0.400000 -0.160460
0.400000 0.215639
0.400000 0.651092
0.400000 0.800000
0.400000 0.222569
0.400000 0.536502
0.400000 0.295821
0.400000 0.443234
0.400000 -0.433319
0.400000 -0.110364
0.400000 -0.323651
0.400000 -0.186234
0.400000 -0.239624
0.400000 -0.231496
0.400000 -0.194976
0.400000 -0.234313
0.400000 -0.211767
0.400000 -0.165611
0.400000 -0.115100
0.400000 -0.053027
0.400000 -0.037355
0.400000 -0.045197
0.400000 -0.189868
0.400000 -0.323055
0.400000 -0.021382
0.400000 0.060624
0.400000 -0.206751
0.400000 -0.353654
0.400000 -0.488226
0.400000 -0.335396
0.400000 -0.012718
0.400000 0.004825
0.400000 -0.300292
0.400000 -0.377977
0.400000 -0.375349
0.400000 0.742517
0.400000 0.770658
0.400000 0.800000
0.400000 0.800000
0.400000 0.800000
0.400000 0.800000
0.400000 0.800000
0.400000 0.800000
0.400000 0.800000
0.400000 -0.630301
0.400000 -0.800000
0.400000 -0.800000
0.400000 -0.196260
0.400000 0.800000
0.400000 -0.800000
0.400000 -0.800000
0.400000 -0.800000
0.400000 -0.800000
0.400000 -0.318848
0.400000 -0.019589
0.400000 -0.532186
0.400000 0.800000
-0.300000 0.000000
-0.300000 0.000000
-0.300000 0.000000
-0.300000 0.000000
-0.300000 0.000000
-0.300000 0.000000
-0.300000 0.000000
-0.300000 0.000000
0.050000 0.600000
0.050000 0.600000
0.050000 0.600000
0.050000 0.600000
0.050000 0.600000
0.050000 0.600000
0.400000 -0.460821
0.400000 -0.330419
0.400000 -0.149459
0.400000 -0.303698
0.400000 -0.800000
0.400000 -0.800000
0.400000 0.800000
0.400000 0.800000
0.400000 0.190768
0.400000 -0.380299
0.400000 0.079272
0.400000 0.800000
0.400000 0.800000
0.400000 -0.473145
