0.250502 -0.133017
0.270030 -0.142229
0.356214 -0.115059
0.451735 -0.080622
0.566014 -0.063067
0.679781 -0.041799
0.786988 -0.023926
0.883216 0.016401
0.970805 0.055144
1.080222 0.073458
1.175947 0.114084
1.280018 0.133060
1.387887 0.137236
1.494267 0.155138
1.608164 0.157067
1.717305 0.171271
1.821408 0.177246
1.927509 0.177470
2.034565 0.198461
2.142306 0.205277
2.247556 0.227506
2.351592 0.241085
2.461289 0.244252
2.562806 0.264531
2.666735 0.256743
2.773966 0.247784
2.884350 0.250665
3.005505 0.238232
3.118962 0.231824
3.228612 0.227522
3.341329 0.231935
3.445874 0.242192
3.555504 0.250764
3.656939 0.272421
3.759544 0.269794
3.871661 0.274348
3.982463 0.282315
4.101151 0.279050
4.211641 0.291740
4.328681 0.300721
4.445873 0.298961
4.553710 0.289824
4.665252 0.291010
4.767990 0.318405
4.875716 0.331234
4.988789 0.358054
5.088680 0.399052
5.193294 0.454704
5.293727 0.512636
5.401048 0.555352
5.495561 0.604225
5.596374 0.645818
5.705530 0.682224
5.809145 0.722308
5.921882 0.749429
6.039085 0.774285
6.137002 0.809040
6.225140 0.874742
6.269179 0.849753
6.315334 0.869113
6.353781 0.867742
6.397036 0.867063
6.409197 0.855969
6.394122 0.863204
6.428349 0.871726
6.423182 0.867716
6.431051 0.871577
6.419894 0.871609
6.414665 0.871040
6.433340 0.826570
6.458871 0.764116
6.460090 0.700859
6.468925 0.631815
6.485875 0.570986
6.483803 0.499278
6.511044 0.442183
6.512874 0.382497
6.523597 0.355423
6.535412 0.379767
6.537478 0.411483
6.550040 0.439824
6.571757 0.464998
6.572742 0.493364
6.599101 0.529692
6.651245 0.642358
6.660275 0.766740
6.649395 0.850245
6.676463 0.877849
6.692111 0.854678
6.703768 0.857012
6.690284 0.873887
6.685626 0.875373
6.684603 0.876171
6.685119 0.864640
6.694803 0.831434
6.686774 0.774389
6.680610 0.759709
6.685965 0.752825
6.688437 0.743550
6.692549 0.729881
