0.400000 0.732190
0.400000 0.800000
0.400000 -0.458214
0.400000 -0.422869
0.400000 -0.295610
0.400000 0.662304
0.400000 0.196389
0.400000 -0.021546
0.400000 -0.089438
0.400000 -0.204375
0.400000 -0.413015
0.400000 -0.473537
0.400000 -0.104364
0.400000 0.094236
0.400000 -0.005238
0.400000 -0.034669
0.400000 0.164731
0.400000 0.156714
0.400000 0.022729
0.400000 -0.171802
0.400000 -0.044422
0.400000 -0.005190
0.400000 -0.341445
0.400000 -0.313254
0.400000 -0.395740
0.400000 0.072039
0.400000 -0.047342
0.400000 0.358405
0.400000 0.015642
0.400000 0.278577
0.400000 0.226414
0.400000 -0.016663
0.400000 -0.228252
0.400000 -0.146810
0.400000 -0.206136
0.400000 -0.098014
0.400000 0.079129
0.400000 0.461044
0.400000 -0.562548
0.400000 -0.160968
0.400000 0.043901
0.400000 0.407522
0.400000 0.459383
0.400000 0.012709
0.400000 0.552545
0.400000 0.800000
0.400000 0.370868
0.400000 -0.475039
0.400000 -0.329542
0.400000 -0.311698
0.400000 -0.064187
0.400000 -0.129680
0.400000 -0.112844
0.400000 -0.411455
0.400000 0.687414
0.400000 0.800000
0.400000 0.800000
0.400000 0.800000
0.400000 0.428601
0.400000 0.800000
0.400000 0.695570
0.400000 0.405852
0.400000 0.188968
0.400000 0.793300
0.400000 -0.036988
0.400000 0.045661
0.400000 -0.136273
0.400000 -0.136064
-0.300000 0.000000
-0.300000 0.000000
-0.300000 0.000000
-0.300000 0.000000
-0.300000 0.000000
-0.300000 0.000000
-0.300000 0.000000
-0.300000 0.000000
0.050000 -0.600000
0.050000 -0.600000
0.050000 -0.600000
0.050000 -0.600000
0.050000 -0.600000
0.050000 -0.600000
0.400000 0.800000
0.400000 0.800000
0.400000 0.800000
0.400000 0.800000
0.400000 0.800000
0.400000 -0.800000
0.400000 0.445653
0.400000 0.800000
0.400000 0.206756
0.400000 0.322862
-0.300000 0.000000
-0.300000 0.000000
-0.300000 0.000000
-0.300000 0.000000
-0.300000 0.000000
-0.300000 0.000000
-0.300000 0.000000
