0.250502 -0.133017
0.274303 -0.143106
0.349402 -0.141574
0.441317 -0.109665
0.552193 -0.092019
0.662864 -0.068896
0.772482 -0.044976
0.888098 -0.023051
0.990027 0.004276
1.096825 0.011963
1.199212 0.033722
1.302929 0.050080
1.416814 0.053729
1.524135 0.070481
1.630295 0.070778
1.737179 0.079924
1.841745 0.097960
1.958239 0.105051
2.071097 0.119695
2.179857 0.130179
2.290682 0.141168
2.394065 0.158975
2.500405 0.153283
2.611667 0.165587
2.718962 0.166870
2.830691 0.164946
2.937745 0.171976
3.043705 0.163220
3.148956 0.173490
3.252131 0.181350
3.361179 0.173037
3.468636 0.185637
3.578051 0.187457
3.694791 0.187754
3.805828 0.186527
3.920169 0.170955
4.025890 0.169492
4.128336 0.155975
4.234787 0.141930
4.345188 0.150704
4.460802 0.151674
4.573658 0.162232
4.685132 0.180772
4.799951 0.200046
4.904783 0.224904
5.015001 0.239366
5.122142 0.266189
5.228787 0.294472
5.344823 0.310067
5.451759 0.328262
5.561396 0.325107
5.675186 0.324227
5.783798 0.331815
5.900198 0.330460
6.013573 0.334971
6.123221 0.335665
6.236393 0.336989
6.342650 0.345601
6.449689 0.335682
6.556530 0.342141
6.661505 0.344355
6.772611 0.339604
6.883252 0.348599
6.995813 0.346623
7.108929 0.341645
7.217671 0.338381
7.333121 0.325471
7.440834 0.330306
7.546081 0.331045
7.660141 0.334868
