0.400000 0.322756
0.400000 0.113365
0.400000 0.205158
0.400000 0.059346
0.400000 -0.011018
0.400000 -0.041866
0.400000 0.039640
0.400000 -0.091546
0.400000 -0.133488
0.400000 -0.218869
0.400000 -0.080556
0.400000 -0.079594
0.400000 -0.099313
0.400000 -0.032151
0.400000 -0.084783
0.400000 0.213426
0.400000 0.035692
0.400000 0.058938
0.400000 -0.018188
0.400000 -0.033442
0.400000 -0.105345
0.400000 -0.161043
0.400000 -0.094584
0.400000 -0.079996
0.400000 -0.095885
0.400000 0.002793
0.400000 0.021737
0.400000 0.097546
0.400000 -0.006854
0.400000 -0.092439
0.400000 0.023971
0.400000 -0.002164
0.400000 -0.069671
0.400000 -0.327936
0.400000 -0.117314
0.400000 -0.035724
0.400000 0.002453
0.400000 0.171838
0.400000 0.385214
0.400000 0.363859
0.400000 0.206143
0.400000 0.007969
0.400000 -0.005415
0.400000 0.130461
0.400000 -0.001124
0.400000 0.186371
0.400000 -0.173649
0.400000 -0.176841
0.400000 -0.602368
0.400000 -0.231125
0.400000 0.058595
0.400000 0.112802
0.400000 -0.023522
0.400000 0.001688
0.400000 0.031394
0.400000 -0.011819
0.400000 -0.087753
0.400000 -0.031456
0.400000 -0.045330
0.400000 0.074336
0.400000 0.030051
0.400000 -0.057054
0.400000 -0.185955
0.400000 -0.192942
0.400000 -0.046090
0.400000 0.054825
0.400000 0.123057
0.400000 0.295337
0.400000 0.132296
