0.266676 -0.139424
0.344083 -0.123659
0.433705 -0.085600
0.547112 -0.064651
0.661905 -0.037832
0.773772 -0.006579
0.885896 0.022580
0.990070 0.051695
1.103304 0.071214
1.203552 0.101623
1.308483 0.115036
1.418014 0.122200
1.524641 0.138571
1.635808 0.133711
1.743718 0.142347
1.851551 0.149287
1.967155 0.146062
2.075247 0.154806
2.184330 0.157801
2.297363 0.166618
2.403869 0.176552
2.517980 0.170033
2.624359 0.179425
2.730999 0.178613
2.842172 0.167567
2.952269 0.168362
3.061693 0.166387
3.179603 0.180518
3.290640 0.202113
3.405822 0.219440
3.512261 0.241892
3.624768 0.254378
3.734875 0.275070
3.839147 0.289861
3.946838 0.291622
4.051395 0.307014
4.159038 0.298779
4.269315 0.300830
