0.400000 0.356703
0.400000 0.491128
0.400000 0.105325
0.400000 -0.121311
0.400000 -0.063312
0.400000 -0.045712
0.400000 -0.047406
0.400000 -0.029188
0.400000 -0.021675
0.400000 -0.342217
0.400000 -0.189287
0.400000 -0.144802
0.400000 -0.244740
0.400000 -0.134008
0.400000 0.079249
0.400000 -0.059223
0.400000 -0.070665
0.400000 0.069542
0.400000 0.086483
0.400000 -0.065156
0.400000 -0.056745
0.400000 -0.091984
0.400000 -0.049591
0.400000 -0.085566
0.400000 -0.140622
0.400000 0.154345
0.400000 0.209312
0.400000 0.800000
0.400000 -0.166315
0.400000 -0.100912
0.400000 -0.055333
0.400000 -0.122750
0.400000 0.038784
0.400000 -0.048391
0.400000 -0.315815
0.400000 -0.462038
0.400000 0.032288
0.400000 -0.075676
