0.250502 -0.133017
0.272208 -0.144552
0.353778 -0.128428
0.448821 -0.088163
0.565221 -0.059172
0.680275 -0.025374
0.795785 0.002086
0.899169 0.031878
1.005304 0.054260
1.115985 0.073782
1.221168 0.098020
1.328476 0.097164
1.432105 0.105876
1.535391 0.107582
1.645574 0.099866
1.754550 0.112283
1.863489 0.119397
1.976729 0.132968
2.084627 0.150173
2.195928 0.159518
2.300040 0.180759
2.408354 0.185490
2.517653 0.195540
2.623332 0.204437
2.734341 0.190132
2.839647 0.190737
2.948331 0.184500
3.063053 0.171404
3.171768 0.176827
3.287304 0.186848
3.402600 0.209085
3.513497 0.235606
3.623051 0.258689
3.728192 0.282455
3.839755 0.287104
3.934626 0.314826
4.029963 0.324885
4.138270 0.312300
4.244200 0.319116
4.353519 0.318329
4.474771 0.331137
4.580991 0.365252
4.697382 0.394962
