0.400000 0.519471
0.400000 0.704027
0.400000 0.224043
0.400000 -0.215049
0.400000 -0.289687
0.400000 -0.122859
0.400000 -0.068622
0.400000 -0.059734
0.400000 -0.078257
0.400000 -0.105163
0.400000 -0.405847
0.400000 -0.383398
0.400000 -0.055860
0.400000 0.040684
0.400000 0.288390
0.400000 0.270211
0.400000 0.134097
0.400000 -0.050176
0.400000 -0.074202
0.400000 -0.145288
0.400000 -0.062454
0.400000 -0.212829
0.400000 -0.221780
0.400000 -0.267483
0.400000 0.019949
0.400000 -0.103928
0.400000 -0.000002
0.400000 0.678433
0.400000 0.587164
0.400000 0.209467
0.400000 -0.042542
0.400000 -0.372916
0.400000 -0.387305
0.400000 0.138250
0.400000 -0.338876
0.400000 -0.349273
0.400000 -0.085747
0.400000 -0.038567
0.400000 -0.024058
0.400000 0.800000
0.400000 0.800000
0.400000 -0.308318
