0.250502 -0.133017
0.236572 -0.135190
0.293613 -0.164081
0.398987 -0.151277
0.505187 -0.147178
0.616581 -0.134388
0.720550 -0.129732
0.828200 -0.137229
0.941697 -0.124363
1.055077 -0.119453
1.172190 -0.112057
1.282402 -0.105573
1.393862 -0.107642
1.498086 -0.091527
1.604797 -0.088249
1.719057 -0.077565
1.824269 -0.056627
1.933090 -0.055487
2.038433 -0.034081
2.142343 -0.019251
2.251379 -0.012549
2.354804 0.009950
2.458073 0.008272
2.566538 0.019821
2.672072 0.027257
2.784130 0.026654
2.894113 0.038250
3.000950 0.041335
3.111029 0.057669
3.215812 0.076859
3.330265 0.079599
3.435205 0.096753
3.541788 0.101241
3.652278 0.105191
3.758482 0.117937
3.866914 0.111159
3.975075 0.115844
4.083737 0.119668
4.200197 0.110980
4.311314 0.110640
4.423179 0.106417
4.541502 0.104661
4.650987 0.110156
4.765672 0.113764
4.868790 0.126963
4.970797 0.125498
5.078145 0.117800
5.187223 0.127223
5.301259 0.120241
5.414975 0.120177
5.526115 0.117141
5.641978 0.111551
5.751464 0.120928
5.859160 0.119003
5.968206 0.126227
6.076200 0.138739
6.193187 0.141939
6.300016 0.151463
6.407736 0.147161
6.516965 0.147594
6.623600 0.153348
