0.400000 -0.016522
0.400000 0.061447
0.400000 0.060146
0.400000 0.111635
0.400000 -0.122285
0.400000 -0.176193
0.400000 0.118109
0.400000 -0.051373
0.400000 0.225037
0.400000 -0.154155
0.400000 -0.077476
0.400000 0.027802
0.400000 -0.018308
0.400000 0.104075
0.400000 0.287173
0.400000 -0.067477
0.400000 -0.060320
0.400000 0.044944
0.400000 0.015740
0.400000 0.004777
0.400000 -0.147816
0.400000 -0.083640
0.400000 -0.184050
0.400000 0.081114
0.400000 -0.146038
0.400000 0.206040
0.400000 0.042195
0.400000 0.142686
0.400000 -0.130561
0.400000 -0.091820
0.400000 -0.109269
0.400000 -0.003724
0.400000 -0.026889
0.400000 -0.104176
0.400000 -0.112349
0.400000 -0.074203
0.400000 -0.032631
0.400000 -0.030262
0.400000 -0.080225
0.400000 0.088953
0.400000 0.055745
0.400000 0.328033
0.400000 0.092428
0.400000 -0.352873
0.400000 -0.164958
0.400000 -0.029653
0.400000 -0.014511
0.400000 -0.006750
0.400000 -0.070585
0.400000 -0.018173
0.400000 0.143369
0.400000 0.242164
0.400000 -0.111636
0.400000 0.044761
0.400000 -0.007983
0.400000 -0.046053
0.400000 -0.203999
0.400000 -0.005153
0.400000 -0.124964
0.400000 -0.065599
