0.250502 -0.133017
0.238529 -0.137928
0.296114 -0.155311
0.393120 -0.125312
0.504174 -0.103035
0.617188 -0.074888
0.727136 -0.045357
0.840984 -0.023054
0.947596 0.003088
1.055707 0.011364
1.157728 0.031192
1.258459 0.044747
1.370674 0.037693
1.477594 0.049168
1.587411 0.054771
1.704868 0.061043
1.812572 0.075435
1.926909 0.080173
2.034168 0.101186
2.138964 0.119727
2.253214 0.131477
2.359917 0.148512
2.469770 0.145838
2.576701 0.154690
2.681016 0.162767
2.789464 0.151798
2.896357 0.166720
3.005481 0.178378
3.122083 0.187643
3.227702 0.200094
3.336038 0.198909
3.438795 0.217914
3.503476 0.225846
3.541556 0.218228
3.549914 0.221700
3.537876 0.212400
3.563391 0.203068
3.556059 0.185358
3.564141 0.195460
3.563615 0.187282
3.582950 0.188371
3.590450 0.176587
3.583149 0.188060
3.556660 0.171477
3.518789 0.140700
3.465491 0.120842
3.401053 0.106912
3.362755 0.066051
3.310128 0.046377
3.250370 0.031451
3.212247 -0.008757
3.185752 0.001417
3.204997 -0.000304
3.242199 -0.017674
3.271036 -0.010563
3.291348 -0.004514
3.316425 -0.015192
3.374710 -0.056182
3.473249 -0.071725
3.575697 -0.094338
3.688654 -0.115630
3.798693 -0.122820
3.915577 -0.132333
4.021842 -0.127279
4.124186 -0.134239
4.230695 -0.137821
4.339746 -0.124030
4.459066 -0.118759
4.572745 -0.106117
4.683487 -0.090624
4.795439 -0.071437
4.897406 -0.057936
5.004444 -0.063415
5.121346 -0.048024
5.237171 -0.038305
5.358497 -0.036874
5.470664 -0.034493
5.584908 -0.037690
5.691309 -0.021236
5.799618 -0.007619
5.914783 0.014842
6.020333 0.035999
6.127084 0.040023
6.227569 0.063082
6.326139 0.061729
6.434912 0.074715
6.541512 0.107039
