0.400000 0.192764
0.400000 0.354470
0.400000 0.290964
0.400000 0.243800
0.400000 -0.087136
0.400000 -0.147892
0.400000 -0.138255
0.400000 -0.092203
0.400000 -0.174866
0.400000 -0.437994
0.400000 -0.147464
0.400000 -0.014898
0.400000 0.024695
0.400000 -0.021347
0.400000 0.104782
0.400000 0.099918
0.400000 0.002781
0.400000 0.150188
0.400000 0.045473
0.400000 -0.037855
0.400000 -0.256149
0.400000 -0.199960
0.400000 -0.054190
0.400000 -0.067174
0.400000 -0.013201
0.400000 0.221224
0.400000 0.035862
0.400000 0.006742
0.400000 0.139451
0.400000 -0.103878
0.400000 -0.078639
0.400000 -0.220946
0.400000 -0.098539
0.400000 -0.104214
0.400000 0.016072
0.400000 -0.343322
0.400000 -0.286623
0.400000 -0.333961
0.400000 -0.215019
0.400000 -0.044208
0.400000 -0.283398
0.400000 -0.391365
-0.300000 0.000000
-0.300000 0.000000
-0.300000 0.000000
-0.300000 0.000000
-0.300000 0.000000
-0.300000 0.000000
-0.300000 0.000000
-0.300000 0.000000
0.050000 -0.600000
0.050000 -0.600000
0.050000 -0.600000
0.050000 -0.600000
0.050000 -0.600000
0.050000 -0.600000
0.400000 -0.176217
0.400000 0.082649
0.400000 0.349442
0.400000 0.236687
0.400000 0.162730
0.400000 0.169370
0.400000 0.050515
0.400000 0.016726
0.400000 0.066527
0.400000 0.318371
0.400000 0.234969
0.400000 0.033985
0.400000 0.029680
0.400000 -0.216337
0.400000 -0.066355
0.400000 -0.115738
0.400000 -0.033760
0.400000 -0.033270
0.400000 -0.193610
0.400000 -0.033266
0.400000 0.050118
0.400000 0.393785
0.400000 0.145562
0.400000 0.390433
0.400000 -0.294929
0.400000 -0.283538
0.400000 -0.383010
0.400000 0.091560
0.400000 0.313724
0.400000 0.800000
