0.250502 -0.133017
0.259389 -0.142690
0.333893 -0.147448
0.431321 -0.118095
0.545191 -0.100116
0.651444 -0.074041
0.759775 -0.053963
0.870623 -0.036305
0.978371 -0.010892
1.092061 0.003444
1.204324 0.017550
1.315437 0.025996
1.431020 0.022065
1.537716 0.030146
1.638092 0.023618
1.750333 0.038474
1.865901 0.073293
1.988133 0.096543
2.104739 0.121062
2.222863 0.142074
2.328247 0.167730
2.436717 0.182470
2.540819 0.207770
2.639555 0.220189
2.747078 0.199220
2.856263 0.197110
2.967081 0.193195
3.080951 0.188491
3.188037 0.184825
3.297944 0.172252
3.402557 0.180249
3.505317 0.168452
3.612682 0.162487
3.719372 0.164386
3.830055 0.147671
3.939549 0.146328
4.049632 0.140147
4.165740 0.132014
4.273230 0.133309
4.376072 0.121638
4.490262 0.134104
4.604201 0.160136
4.722008 0.171252
4.836388 0.189575
4.953733 0.208932
5.058678 0.232138
5.169519 0.235934
5.276302 0.248090
5.381979 0.254783
5.494553 0.247428
5.602802 0.251556
5.709482 0.238408
5.816169 0.225990
5.922237 0.220991
6.036478 0.205965
6.144618 0.209034
6.252123 0.209469
6.366672 0.210657
6.471817 0.224298
6.574537 0.215063
