0.400000 0.272821
0.400000 0.213283
0.400000 0.205351
0.400000 0.170811
0.400000 -0.109850
0.400000 -0.149871
0.400000 -0.057641
0.400000 -0.038253
0.400000 -0.189446
0.400000 -0.211956
0.400000 -0.259219
0.400000 -0.081067
0.400000 -0.082096
0.400000 0.202753
0.400000 0.800000
0.400000 0.200008
0.400000 -0.335826
0.400000 -0.184357
0.400000 0.105332
0.400000 -0.075744
0.400000 -0.047728
0.400000 -0.370750
0.400000 -0.431927
0.400000 -0.415090
0.400000 0.097207
0.400000 0.039162
0.400000 0.006047
0.400000 0.000732
0.400000 -0.004019
0.400000 -0.029029
0.400000 -0.076415
0.400000 -0.020194
0.400000 -0.010158
0.400000 -0.001732
0.400000 -0.010561
0.400000 0.024418
0.400000 0.009298
0.400000 0.083426
0.400000 0.208222
0.400000 0.600379
0.400000 0.044803
0.400000 -0.097908
0.400000 -0.058041
0.400000 0.135017
0.400000 -0.098912
0.400000 -0.333390
0.400000 -0.312402
0.400000 -0.066295
0.400000 -0.085437
0.400000 -0.119120
0.400000 -0.320138
0.400000 -0.236319
0.400000 0.132362
0.400000 0.330728
0.400000 0.087715
0.400000 0.056532
0.400000 0.209516
0.400000 -0.063077
0.400000 -0.074722
